           Name   NumAtoms  NumFinalStates  BoardSize  NumFreePositions         Time  SolutionLength  LowerBound  NodesGenerated  NodesExpanded
   15-puzzle.in        15               1         36                16     11.42107              34          34        18544974        6009587
   adrien_01.in         3              54        144                77     24.40758               7           7            1960            330
   adrien_02.in         5              13        144                81     24.97874              17          17        34213263        2456375
   adrien_03.in         6              31        144                75      9.05531              12          12          178757          11970
   adrien_04.in        10              16        198               119   2469.98886               0          26     26246627989     1017094931
   adrien_05.in        10              13        180               108   3599.58512               0          29     25861552261     1024167310
   adrien_06.in         6              15        144                81     14.54275              15          15         3498205         214855
  adrienl_01.in         7              26        198               122     40.14731              20          20        78816970        4522601
  adrienl_02.in         8               7        198               108   2477.92053               0          32     16805451196      894261099
  adrienl_03.in         7              43        198               133    436.52949              22          22      4410931752      238729460
  adrienl_04.in         9               1        144                68    942.21683               0          35      6183418918      428391249
  adrienl_05.in         4              64        198               131    106.15048              12          12         3628062         299336
   atomix_01.in         3              17        110                45     29.74330              13          13           58677           9458
   atomix_02.in         5               6        154                61      5.09916              21          21          462713          46353
   atomix_03.in         6               4        169                65      4.23329              16          16         2709950         175199
   atomix_04.in         6               2        143                60     41.24683              23          23       402748325       28507754
   atomix_05.in         9               2        182                80    958.02798               0          37      7231035819      363666515
   atomix_06.in         8               4         36                16      1.44137              13          13           16474           1293
   atomix_07.in         9               1        169                79    681.28193              27          27      7145971824      356079418
   atomix_08.in        12               1        156                81   1456.61899               0          35      5199913554      184194659
   atomix_09.in         7               1        110                49      6.71286              20          20        38016381        2497729
   atomix_10.in        10               2        156                82   1302.45836               0          30      8418574703      348433156
   atomix_11.in         5              14        169                83     10.71741              14          14          202143          17968
   atomix_12.in         9               4         36                16      2.33878              14          14          137809          10749
   atomix_13.in         8               1        110                49     11.23471              28          28       113180852        6430548
   atomix_14.in        12               1        168                94   1250.74746               0          36      5229303059      182498775
   atomix_15.in        12               1        156                89   1628.21517               0          38     14644967781      504042737
   atomix_16.in         9               2        156                73   1938.26106              29          29     19847999624      981308861
   atomix_17.in        15               1        168                90   3600.39330               0          37      3967993394      114662253
   atomix_18.in         8               4         36                16      3.09095              13          13          123025           9892
   atomix_19.in        15               1        156                65   2045.07717               0          29      7368228301      249745553
   atomix_20.in        14               1        143                68   1629.00716              29          29      5368002759      187441571
   atomix_21.in        12               2        182               108   3599.43535               0          33      5449097475      189843339
   atomix_22.in         8               3        182                85   1249.51518               0          27      9116335143      469751414
   atomix_23.in         4              20        168                82      8.22601              10          10           14195           1538
   atomix_24.in        16               1        100                32   2185.19232               0          30      5589440841      233645303
   atomix_25.in        14               2        182               101   2000.02539               0          37      7568549352      220010440
   atomix_26.in         4              17        182               102     25.25075              14          14          329945          33721
   atomix_27.in        20               1        182                84   3599.53646               0          46       775509151       17287377
   atomix_28.in        10               1        132                65     99.84679              29          29      1166162501       53822181
   atomix_29.in         8               2        182                79      6.01709              22          22        35929254        1856294
   atomix_30.in         8               4         36                16      3.09517              13          13          123025           9892
      kai_01.in         3               9        100                39      8.62101               9           9            4235            661
      kai_02.in         5               2        132                54      6.92564              24          24        10928606         998173
      kai_03.in         6               4        169                65      4.22691              16          16         2709950         175199
      kai_05.in         8               2        132                67    560.47139              27          27      5687880142      315337834
      kai_06.in         4              16        143                72     18.78605              14          14          242393          23909
      kai_07.in        12               1        156                81   1125.68409               0          34      4656161589      169062118
      kai_08.in        12               1        169                72    395.14712               0          36      3182569585      119120321
      kai_09.in        10               1        180                78    959.98740               0          36      8454588833      372302031
      kai_11.in         5               7        132                52      8.70076              15          15          479709          44096
      kai_12.in        15               1        182                97   1059.96145               0          36      3779134392       96652290
      kai_14.in        14               2        182                76    491.05105               0          41      4170305376      136060410
      kai_17.in         8               3        169                80      8.65942              23          23        73988885        3518865
      kai_18.in        12               1        182                89    604.84522               0          35      5640617343      186495387
      kai_19.in         4              21        156                73     44.33456              19          19         2196096         236139
      kai_20.in        12               1        196                90      0.00000               0           0               0              0
      kai_21.in        14               1        225               101      0.00000               0           0               0              0
      kai_22.in        12               1        169                85   1271.84392               0          34      7176853884      262610837
      kai_24.in        14               1        210                79   1575.09045               0          41      4473823845      144845116
      kai_25.in        14               1        210                95   2493.51749               0          35      9532537989      283049578
      kai_27.in        19               1        225               112      0.00000               0           0               0              0
      kai_28.in        16               1        225               106    579.45084               0          47      5909041928      152106683
      kai_29.in        21               1        210                87   1139.24707               0          63     12217137897      285654996
  katomic_01.in         3              23         99                49     32.91235              15          15           59202           9344
  katomic_02.in         5              10        143                64     23.58379              27          27        13900062        1303898
  katomic_03.in         6               4        156                66      7.71159              20          20        18618364        1298229
  katomic_04.in         6               8        121                45     18.89525              23          23        15526628        1361808
  katomic_05.in         9               2        132                52    181.07604              27          27      1870997711      108651436
  katomic_06.in         9               1        144                50    285.20806              27          27      2947637452      166981668
  katomic_07.in        12               8        169                68   1940.91676              24          24      7462313217      302608419
  katomic_08.in         7               1        121                61    766.33107              26          26      6910107533      477625036
  katomic_09.in        10               1        169                81    590.95698               0          32      4987981894      226201314
  katomic_10.in         5               8        169                84      1.79894              19          19          233934          25651
  katomic_11.in         8               4        121                71    190.23684              23          23      2480646086      122789253
  katomic_12.in        12               8        169                93   3599.47412               0          38     15697335705      671034341
  katomic_13.in        12               1        169                87    636.60155               0          42      5407957770      198364728
  katomic_14.in         9               1        169                85   1431.74842               0          29     12277134193      642878128
  katomic_15.in        15               1        169                87   3598.38479               0          37      3675512196      119159096
  katomic_16.in        15               1        169                69   1815.44398               0          43      6500161984      234958149
  katomic_17.in        14               2        143                73   3600.39043               0          33     11044922241      365842240
  katomic_18.in        12               4        169                90   3600.54089               0          48      5235979990      215327218
  katomic_19.in         8               2        195               103    718.36924              32          32      7841127336      396834476
  katomic_20.in         4              16        169                83     15.09887              18          18          136099          16099
  katomic_21.in        16               1        144                32   3600.50176               0          27      9222498056      394927747
  katomic_22.in        14               4        169                90   1670.66569               0          32      6074616928      189754162
  katomic_23.in         4              32        169                93     81.73835              18          18         2199671         260856
  katomic_24.in        20              10        195               115   3600.55220               0          37       697263231       14993826
  katomic_25.in        10               1        143                73    961.39620               0          35      8349987628      391832241
  katomic_26.in         7               3        169                81    431.84850              36          36      4198252132      284211961
  katomic_27.in        12               1        169                81   1053.50252               0          47      9982335675      366117626
  katomic_28.in        12               1        169                73    784.01370               0          37      6656414564      260037191
  katomic_29.in        15               1        169                71    277.84180               0          57      2092923197       81623958
  katomic_30.in        21               1        169                72    609.24720               0          52      3466194583       92549019
  katomic_31.in         8               2        121                54    219.54822              29          29      2548670447      143112488
  katomic_32.in         9               5         81                25      7.77297              19          19        13502746         833607
  katomic_33.in        10               4        169                72   1805.55206               0          51     14788306520      730350581
  katomic_34.in        13               1        169                96    967.79895               0          37     10962346406      343225470
  katomic_35.in        10               1         99                47    887.58114               0          33      6893441092      356444661
  katomic_36.in         3              21        143                52     25.24249               9           9           20087           2524
  katomic_37.in        24               1        225               134    652.99245               0          55      2656543752       49372850
  katomic_38.in         9               1        169                89   1482.31118               0          35     13100163541      695344274
  katomic_39.in        17               1        169                77    349.26629               0          47      3067905946       98107009
  katomic_40.in        16               1        121                61    828.02794               0          57      6949838534      256993195
  katomic_41.in        15               4        169                81    590.87554               0          35      5781837622      176375660
  katomic_42.in        12               1        121                51   2862.95077               0          35      6910391733      298757502
  katomic_43.in        26               1        169                86   1042.83177               0          65      3693543453       74784645
  katomic_44.in        21               1        156                65   1652.57599               0          49     10376643909      291062664
  katomic_45.in        14               1        156                63   1090.10077               0          40     11011435257      372761653
  katomic_46.in         7               3        143                53      6.78949              24          24        33219571        2294027
  katomic_47.in        11               1        121                60      5.48930              29          29        66112983        2594709
  katomic_48.in        17               1        169                79    841.56514               0          57      8110139435      242544491
  katomic_49.in        18               1        143                71   1550.30005               0          46      6847784704      211868120
  katomic_50.in        17               2        121                61    987.41988               0          43      9408050721      373131444
  katomic_51.in        16               1        169                82    488.02102               0          40      3934110018      129871430
  katomic_52.in        19               1        169                84   1107.89597               0          54     10115130518      280086618
  katomic_53.in        16               2         63                35   2299.22015               0          26      5616216959      178679915
  katomic_54.in        16               1        169                81    641.96949               0          36      6275824664      201850070
  katomic_55.in        15               1        169                83    552.71260               0          48      4615383221      153724703
  katomic_56.in        15               1        169                79    965.20588               0          50      9904855711      340745437
  katomic_57.in         5               3        132                45      4.87781              21          21         1845019         179752
  katomic_58.in         6               3        121                60      2.88495              17          17         1677843         116629
  katomic_59.in        16               4        121                49    697.45812               0          28      7447637974      199721079
  katomic_60.in         7               4        121                54      5.95283              19          19         3256608         211552
  katomic_61.in        10               2        117                58   1587.20158               0          55     14876963265      740950664
  katomic_62.in        12               1        225                96    975.67726               0          52      9822572211      403124267
  katomic_63.in        12               2        143                70    720.52019               0          42      5765651312      278431626
  katomic_64.in        16               2        195                98    468.97014               0          54      3844840368      130022004
  katomic_65.in        17               1         81                25    585.27751               0          32      4616979971      254016084
  katomic_66.in        11               1        169                78   1353.97641               0          33     12686102793      516544928
  katomic_67.in        12               2        121                54   1428.72055               0          32     13294672728      602071914
  marbles_01.in         4               2         64                21      4.18610              11          11           20055           2742
  marbles_02.in         5               5         90                38      9.81897              15          15         1852299         171558
  marbles_03.in         4               5         99                39     22.63687              22          22         2543893         305224
  marbles_04.in         3              18        100                49    109.27816              22          22          792173         130733
  marbles_05.in         5               2         81                34      7.89644              25          25         2085803         235820
  marbles_06.in         5               3        120                41      2.09831              14          14           26913           2842
  marbles_08.in         6               3        100                48     29.90173              23          23       172483303       15624411
  marbles_10.in        16               1         48                20    631.02545              24          24          827471          88305
  marbles_11.in         8               1        169                59    541.16844              28          28      1350078750       88325861
  marbles_12.in         6               3         84                40    126.68766              28          28       949468141       72805973
  marbles_13.in         3               3         64                27     15.91688              18          18          248452          42481
  marbles_14.in         6               1        110                27      2.48413              22          22          495355          61353
  marbles_15.in        12               1        169                62   3600.64810               0          35         4679053         199083
  marbles_20.in        32               1         64                36  13249.34569               0           0               0              0
 unitopia_01.in         3              41        128                68     17.12859              11          11           11105           1624
 unitopia_02.in         4               5        128                62     11.18269              22          22         1624837         191058
 unitopia_03.in         5              12        128                56     10.35852              16          16          129141          12195
 unitopia_04.in         6               5        128                59      3.46117              20          20          560204          44442
 unitopia_05.in         6               7        128                68     10.62478              20          20        13070172         940639
 unitopia_06.in         9               2        128                61    581.88191              31          31      6536324737      328569610
 unitopia_07.in        10               1        128                60    679.67360               0          35      5132096935      257645972
 unitopia_08.in         7               4        128                59     15.45315              23          23       101695647        6506879
 unitopia_09.in        12               2        128                60   1771.51228               0          44      6165498833      288781795
 unitopia_10.in         8               2        128                57   2123.01494               0          41     16351794758     1031505093