           Name  NumAtoms  NumFinalStates  BoardSize  NumFreePositions     Time  SolutionLength  LowerBound  InitialHeuristic  NodesExpanded  NodesGenerated  NodesReOpened  CallsToHeuristic  PDBTime 
   15-puzzle.in        15               1         36                16    25.37              34          34                 8        1995878         2244790              0           3875095     0.73 
  adrienl_01.in         7              26        198               122   267.20              20          20                13        2182640         4132154              0          18916747    96.99 
  adrienl_02.in         8               7        198               108  3600.46               0          31                22      107879019       124754552              0        1118944715  1977.15 
  adrienl_03.in         7              43        198               133  3600.25               0          21                10       26496286        37461854              0         252358307  1672.84 
  adrienl_04.in         9               1        144                68  1168.49               0          35                24      260856725       471636575           1012        1604741926   203.46 
  adrienl_05.in         4              64        198               131   108.75              12          12                 7          28710           51694              0            182537     2.38 
   adrien_01.in         3              54        144                77    42.93               7           7                 6             16              35              0                79     0.00 
   adrien_02.in         5              13        144                81    35.74              17          17                10         503036          826308              0           3137453     9.40 
   adrien_03.in         6              31        144                75    49.53              12          12                 9           2062            5317              0             22744     0.20 
   adrien_04.in        10              16        198               119  3600.26               0          25                18       26231112        53567365            804         434645070  2035.35 
   adrien_05.in        10              13        180               108  3600.46               0          27                22       30197675        36987497           4614         529496330  2138.48 
   adrien_06.in         6              15        144                81    34.26              15          15                11          51378          115598              0            549743     2.02 
   atomix_01.in         3              17        110                45     8.41              13          13                 8            902            1001              0              2144     0.01 
   atomix_02.in         5               6        154                61     7.52              21          21                17          16432           26296              0             79587     0.10 
   atomix_03.in         6               4        169                65     8.65              16          16                12          28286           64152              0            263335     0.22 
   atomix_04.in         6               2        143                60    58.71              23          23                15        6208476        10247690              0          42738175    16.32 
   atomix_05.in         9               2        182                80  3600.29               0          38                28      275728617       505735568            112        2902428089  1528.39 
   atomix_06.in         8               4         36                16     6.26              13          13                12            220             499              0              2078     0.00 
   atomix_07.in         9               1        169                79   413.00              27          27                19       63189050       138868942           1568         676050211    86.58 
   atomix_08.in        12               1        156                81  1154.12               0          35                30      112128057       367490381          17452        1830600618   271.28 
   atomix_09.in         7               1        110                49    18.74              20          20                11        1191859         1925656             59          10113036     1.16 
   atomix_10.in        10               2        156                82  3600.30               0          30                23      193590083       281088800          32033        2820340748  1557.48 
   atomix_11.in         5              14        169                83    15.86              14          14                10           2729            5450              0             19425     0.06 
   atomix_12.in         9               4         36                16     6.30              14          14                13            159             397              0              1627     0.00 
   atomix_13.in         8               1        110                49     8.10              28          28                24         279137          663180              0           2966321     0.34 
   atomix_14.in        12               1        168                94  1178.00               0          36                31      108620011       376856535           4603        1933585342   286.59 
   atomix_15.in        12               1        156                89  1041.12               0          37                32       93705877       357210505            420        1588183897   243.00 
   atomix_16.in         9               2        156                73  3600.30               0          28                20      247789555       309450508          13888        2787071226  1464.81 
   atomix_17.in        15               1        168                90  1959.08               0          37                32       89370036       335833181          17861        2248590522   448.52 
   atomix_18.in         8               4         36                16     8.02              13          13                10           1421            3155              0             13664     0.01 
   atomix_19.in        15               1        156                65  2276.43               0          30                23      166535315       417975619          12813        3487798453   702.53 
   atomix_20.in        14               1        143                68    57.55              29          29                25        3632004        15569698           1170          74852380    14.14 
   atomix_21.in        12               2        182               108  3153.33               0          32                27       89792540       346004620          34980        1693017687   975.65 
   atomix_22.in         8               3        182                85  1562.17              27          27                19       98047816       200496063           4473         964173458   721.00 
   atomix_23.in         4              20        168                82    18.98              10          10                 8            213             234              0              1621     0.01 
   atomix_24.in        16               1        100                32  3600.47               0          31                24      294760115       295230380         288054        5328592832  1026.42 
   atomix_25.in        14               2        182               101  2378.62               0          38                33       61276382       301631220           1580        1490163526  1174.38 
   atomix_26.in         4              17        182               102    29.28              14          14                 7          20192           30713              0            107191     0.46 
   atomix_27.in        20               1        182                84  3600.31               0          46                43       76460487       153244494          15353        2764902365   680.18 
   atomix_28.in        10               1        132                65    99.66              29          29                22       12710109        29018720           2390         152574727    20.73 
   atomix_29.in         8               2        182                79    11.52              22          22                18         192954          510351             32           2547245     1.26 
   atomix_30.in         8               4         36                16     4.99              13          13                10           1421            3155              0             13664     0.01 
      kai_01.in         3               9        100                39     9.61               9           9                 4            277             354              0              1070     0.00 
      kai_02.in         5               2        132                54     9.31              24          24                16         209448          305813              0            987970     0.35 
      kai_03.in         6               4        169                65    15.24              16          16                12          36585           80662              0            332181     0.28 
      kai_05.in         8               2        132                67   618.83              27          27                18       60850230       117549158           5209         516861790   243.90 
      kai_06.in         4              16        143                72    15.14              14          14                 9           8733           14154              0             46568     0.16 
      kai_07.in        12               1        156                81  1121.13               0          34                29      112361168       369044286            427        1745958418   263.96 
      kai_08.in        12               1        169                72  2471.39               0          37                32      244982484       514974190           3824        4249479989   628.58 
      kai_09.in        10               1        180                78  1292.27               0          36                29      168394653       416126581           3798        2234892895   294.85 
      kai_11.in         5               7        132                52     9.36              15          15                11           9335           18137              0             62535     0.10 
      kai_12.in        15               1        182                97  1681.37               0          37                32       96875996       343060898           4990        2817270742   516.90 
      kai_14.in        14               2        182                76  3600.32               0          42                38      103773918       283335614              0        2054209190  1608.45 
      kai_17.in         8               3        169                80    15.50              23          23                19         231425          800835              0           3340225     2.47 
      kai_18.in        12               1        182                89  1356.50               0          36                30      120645565       388143862              0        2591899633   381.06 
      kai_19.in         4              21        156                73    21.01              19          19                13          46482           62156              0            162834     0.83 
      kai_20.in        12               1        196                90  3299.22               0          39                33      299894584       342872260          28050        5675687022   848.00 
      kai_21.in        14               1        225               101   813.98               0          43                39       67588079       302784216            876        1199061717   211.90 
      kai_22.in        12               1        169                85  1786.32               0          35                29      173349104       438724458           1890        3008191241   447.65 
      kai_24.in        14               1        210                79  1021.21               0          41                37       73917047       315042905           2794        1560418984   292.29 
      kai_25.in        14               1        210                95  2443.66               0          35                28      168614655       421316393           1476        4294069045   766.69 
      kai_27.in        19               1        225               112  3600.27               0          60                58      132764385       136956353          11292        5202800116  1165.61 
      kai_28.in        16               1        225               106  1436.30               0          48                44       78654921       323016017              0        2426105632   485.73 
      kai_29.in        21               1        210                87  1393.99               0          64                61       52438107       258041067             56        1790898014   541.66 
  katomic_01.in         3              23         99                49    17.47              15          15                 8           1508            1715              0              3410     0.02 
  katomic_02.in         5              10        143                64    17.62              27          27                18         215018          282194              0            846273     1.96 
  katomic_03.in         6               4        156                66    15.82              20          20                14         243694          501705              0           1844390     1.82 
  katomic_04.in         6               8        121                45    21.00              23          23                15         323754          476726              0           1675107     2.90 
  katomic_05.in         9               2        132                52    49.71              27          27                21        3694818         9768607            454          38300773    19.15 
  katomic_06.in         9               1        144                50   279.12              27          27                15       49381874        82821011           5060         443343360    56.34 
  katomic_07.in        12               8        169                68  1644.31              24          24                18       21863083        65613937           1873         353076151   912.20 
  katomic_08.in         7               1        121                61   283.00              26          26                14       64562175       107277206          19871         420063165    49.04 
  katomic_09.in        10               1        169                81   534.79              33          33                25       71737421       182775858          20161         927600806   126.05 
  katomic_10.in         5               8        169                84    11.69              19          19                16           1969            3471              0             11985     0.02 
  katomic_11.in         8               4        121                71   278.53              23          23                17       10057606        15848519              0         133365817   137.78 
  katomic_12.in        12               8        169                93  3600.46               0          35                28       52923435        55901914           2388         798028401  2031.20 
  katomic_13.in        12               1        169                87  1270.37               0          42                38      132081958       391073597            156        2359483754   325.09 
  katomic_14.in         9               1        169                85  1306.40               0          29                19      228508142       450450487          28448        2221765091   266.20 
  katomic_15.in        15               1        169                87  3600.32               0          36                31      166626664       209313264          32886        3705245742   746.32 
  katomic_16.in        15               1        169                69  1058.03               0          44                39       91341043       326574603          66616        1751349764   311.67 
  katomic_17.in        14               2        143                73  3600.46               0          33                26      105308244       143648519          46960        2319227224  1859.94 
  katomic_18.in        12               4        169                90  3600.25               0          47                44       50970228       220795386          37469         878808355  1124.38 
  katomic_19.in         8               2        195               103  2168.48              32          32                22      180065838       348337530            737        1858881776   869.47 
  katomic_20.in         4              16        169                83    16.81              18          18                13           6409            8596              0             22011     0.09 
  katomic_21.in        16               1        144                32  3268.50               0          27                20      262613121       333546354         131916        4295757465   910.28 
  katomic_22.in        14               4        169                90  3600.49               0          32                26       59296858       112098368            912        1278316425  2110.05 
  katomic_23.in         4              32        169                93    43.50              18          18                 8          43626           50516              0            146702     1.04 
  katomic_24.in        20              10        195               115  3600.48               0          36                33        6837362        22944436             94         251043910   808.52 
  katomic_25.in        10               1        143                73  2506.21               0          37                29      356650005       626945265          14657        4346965927   542.69 
  katomic_26.in         7               3        169                81   332.34              36          36                28       35478634        53473284              0         191997987   137.08 
  katomic_27.in        12               1        169                81  2553.06               0          48                43      252643409       531074746            592        4633138166   677.87 
  katomic_28.in        12               1        169                73  2181.13               0          39                32      263142455       530261046              0        3875620347   526.86 
  katomic_29.in        15               1        169                71   735.33               0          58                55       63561647       306722383            480        1141887541   213.42 
  katomic_30.in        21               1        169                72  1140.35               0          53                50       59662560       263333217            288        1561359663   361.95 
  katomic_31.in         8               2        121                54    90.43              29          29                20        7630403        13896788              0          70118643    31.69 
  katomic_32.in         9               5         81                25    15.36              19          19                15         132429          360562              0           1455650     1.91 
  katomic_33.in        10               4        169                72  3600.34               0          51                43      148451061       261651474         461172        1482985984  1800.84 
  katomic_34.in        13               1        169                96  1467.99               0          38                32      112285744       357945909              4        2545730795   422.87 
  katomic_35.in        10               1         99                47  1160.13               0          35                28      208251140       437253788              0        2105107115   244.67 
  katomic_36.in         3              21        143                52    16.22               9           9                 4            668             958              0              3045     0.01 
  katomic_37.in        24               1        225               134  1301.49               0          56                52       35498236       238618546            652        1507268160   404.22 
  katomic_38.in         9               1        169                89  1366.59               0          35                23      255467159       489089348            892        2419199218   279.56 
  katomic_39.in        17               1        169                77  1497.38               0          49                44      111915118       338156257              0        2656731508   531.76 
  katomic_40.in        16               1        121                61  1680.35               0          59                52      149071383       383915749         187166        2455059366   453.32 
  katomic_41.in        15               4        169                81  3600.47               0          35                30       52857389       166370316          10899        1191957843  1856.92 
  katomic_42.in        12               1        121                51  2939.07               0          35                28      272402140       382818159          10648        3846402856   572.59 
  katomic_43.in        26               1        169                86  2027.42               0          65                63       62129823       256588932              0        2499734720   722.00 
  katomic_44.in        21               1        156                65  1264.10               0          51                47       61448577       258587862              0        1609170008   424.76 
  katomic_45.in        14               1        156                63  1285.31               0          41                37      109508771       352027972              0        2325262564   403.44 
  katomic_46.in         7               3        143                53     9.97              24          24                19         256224          504493              0           1793234     1.19 
  katomic_47.in        11               1        121                60     8.31              29          29                27          88326          166999              0           1879019     0.25 
  katomic_48.in        17               1        169                79  2937.66               0          59                55      191608593       420961169              8        5020813152  1027.96 
  katomic_49.in        18               1        143                71  1062.71               0          47                42       67383561       291174694            441        1530839410   308.29 
  katomic_50.in        17               2        121                61  2866.72               0          43                36       75000577       287898799              0        1366068834  1229.80 
  katomic_51.in        16               1        169                82  1281.16               0          40                35       92188166       330263895           3339        1791390857   397.93 
  katomic_52.in        19               1        169                84  1518.76               0          55                52       81166628       308653719              0        2079173924   461.47 
  katomic_53.in        16               2         63                35  3600.27               0          26                20       72167522        77017055          64531        1772857600  1691.05 
  katomic_54.in        16               1        169                81  2600.16               0          37                31      193025790       443382571              0        4417718198   827.91 
  katomic_55.in        15               1        169                83  2897.92               0          49                43      227793953       476819805              0        4453179415   801.12 
  katomic_56.in        15               1        169                79  2086.40               0          51                45      169847170       414411238            222        3417941132   606.86 
  katomic_57.in         5               3        132                45     9.54              21          21                16          48633           77481              0            253305     0.16 
  katomic_58.in         6               3        121                60    12.99              17          17                14           7293           17893              0             70085     0.04 
  katomic_59.in        16               4        121                49  3600.32               0          27                22       42872695        60763640              0        1280597158  2235.42 
  katomic_60.in         7               4        121                54    15.47              19          19                15          57135          121155              0            502628     0.48 
  katomic_61.in        10               2        117                58  3045.28               0          55                48      258357144       506010514          43159        2448033742  1252.83 
  katomic_62.in        12               1        225                96  1061.48               0          52                46      115630822       350419558           1475        1763571534   259.20 
  katomic_63.in        12               2        143                70  2926.32               0          42                33      181967049       419157693           1592        2137411226  1270.17 
  katomic_64.in        16               2        195                98  2852.19               0          54                50       87161893       320392959              0        1510828027  1351.60 
  katomic_65.in        17               1         81                25  1107.26               0          32                26      135593521       327594602              0        1608124196   306.91 
  katomic_66.in        11               1        169                78  2028.20               0          33                26      222861781       498899650           4186        3462955741   500.02 
  katomic_67.in        12               2        121                54  3600.28               0          32                25      189236399       217954828           4007        2484944875  1523.02 
  marbles_01.in         4               2         64                21    12.75              11          11                 7            996            1282              0              3609     0.00 
  marbles_02.in         5               5         90                38     6.39              15          15                10          17210           32414             10            103712     0.10 
  marbles_03.in         4               5         99                39    12.47              22          22                10         124110          132959            360            258767     0.25 
  marbles_04.in         3              18        100                49    19.74              22          22                 5          11980           12372              0             19034     0.09 
  marbles_05.in         5               2         81                34    12.29              25          25                15          95231          116388              0            293446     0.11 
  marbles_06.in         5               3        120                41    11.89              14          14                12            934            1523              0              5741     0.00 
  marbles_08.in         6               3        100                48    40.24              23          23                12        4559650         6415120              2          17883005    11.55 
  marbles_10.in        16               1         48                20    11.43              24          24                16          27894           45141             13            158268     0.04 
  marbles_11.in         8               1        169                59   248.61              28          28                19       43933082        71336337           1894         286369891    34.12 
  marbles_12.in         6               3         84                40   215.91              28          28                13       31231752        36816262            209         107406491    70.41 
  marbles_13.in         3               3         64                27    14.24              18          18                 6          17496           17699              0             25101     0.01 
  marbles_14.in         6               1        110                27    13.77              22          22                16          38656           45166              0            118250     0.01 
  marbles_15.in        12               1        169                62  3600.48               0          37                31      135633614       166172989             97        1875795159   280.09 
  marbles_20.in        32               1         64                36  3600.32               0          38                28       79448675       130913447          40923         522511831   196.80 
 unitopia_01.in         3              41        128                68    23.29              11          11                 9            174             264              0               632     0.01 
 unitopia_02.in         4               5        128                62    17.81              22          22                14         107527          140358              0            347890     0.34 
 unitopia_03.in         5              12        128                56     6.85              16          16                14           1131            1899              0              8040     0.02 
 unitopia_04.in         6               5        128                59     8.14              20          20                19           4470            8797              0             39467     0.04 
 unitopia_05.in         6               7        128                68    24.05              20          20                13         388284          708913              0           2805399     4.71 
 unitopia_06.in         9               2        128                61   601.65              31          31                24       45900348       117289453           1405         499955523   247.31 
 unitopia_07.in        10               1        128                60  2264.77               0          36                27      370974358       635736259         152705        3825081903   482.18 
 unitopia_08.in         7               4        128                59    29.24              23          23                17        1264735         2685696              0          10267560     9.94 
 unitopia_09.in        12               2        128                60  2697.84               0          44                39      156673549       400892481          75987        1863069977  1111.56 
 unitopia_10.in         8               2        128                57  2447.19              41          41                29      309411123       484212201              0        1841878694   905.96 
