           Name  NumAtoms  NumFinalStates  BoardSize  NumFreePositions     Time  SolutionLength  LowerBound  InitialHeuristic  NodesExpanded  NodesGenerated  NodesReOpened  CallsToHeuristic  PDBTime 
   15-puzzle.in        15               1         36                16    18.99              34          34                 8        2067494         2325699              0           4022614     0.65 
  adrienl_01.in         7              26        198               122   190.89              20          20                13        3691982         3785087              0          40580487     3.28 
  adrienl_02.in         8               7        198               108  3127.91               0          33                22      652688726       898886004              0        6367244171   669.63 
  adrienl_03.in         7              43        198               133   931.70              22          22                10      157351749       180699406              0        1652105124    92.96 
  adrienl_04.in         9               1        144                68  1042.56               0          35                24      266447794       475706119           2270        1609191627   179.69 
  adrienl_05.in         4              64        198               131   251.46              12          12                 7         216884          224213              0           1754498     0.13 
   adrien_01.in         3              54        144                77    90.60               7           7                 6            288             296              0              1433     0.00 
   adrien_02.in         5              13        144                81    72.42              17          17                10        1924537         2028974              0          14261069     1.23 
   adrien_03.in         6              31        144                75    83.55              12          12                 9           2225            5464              0             25974     0.00 
   adrien_04.in        10              16        198               119  3600.55               0          26                18      455481188       455916892           7048        8210449109   814.21 
   adrien_05.in        10              13        180               108   783.93              28          28                22       85550330       140151414           6990        1479042480   177.23 
   adrien_06.in         6              15        144                81    57.83              15          15                11          73191          109606              0            892261     0.08 
   atomix_01.in         3              17        110                45    67.40              13          13                 8           5598            5661              0             16754     0.00 
   atomix_02.in         5               6        154                61    17.68              21          21                17          20637           28161              0            105580     0.01 
   atomix_03.in         6               4        169                65    15.64              16          16                12          66118           96992              0            654389     0.06 
   atomix_04.in         6               2        143                60    38.62              23          23                15        7615780        10969370              0          54896780     5.08 
   atomix_05.in         9               2        182                80  2110.53               0          38                28      394088471       647805985            225        4168644514   439.44 
   atomix_06.in         8               4         36                16     6.05              13          13                12            240             437              0              2688     0.00 
   atomix_07.in         9               1        169                79   336.58              27          27                19       59376655       130631347           2041         642035241    68.94 
   atomix_08.in        12               1        156                81  2264.03               0          35                30      233616394       358666426          19618        4272968995   553.97 
   atomix_09.in         7               1        110                49    13.08              20          20                11        1177497         1918478             65          10029756     0.99 
   atomix_10.in        10               2        156                82  3600.53               0          31                23      494858116       699355562         216798        7351096069   839.35 
   atomix_11.in         5              14        169                83    44.11              14          14                10           3694            4825              0             31098     0.00 
   atomix_12.in         9               4         36                16     7.89              14          14                12            731             981              0              8168     0.00 
   atomix_13.in         8               1        110                49     7.53              28          28                24         523493         1137075              0           5254424     0.51 
   atomix_14.in        12               1        168                94  1135.05               0          36                31      119156064       387971427           1478        2127091428   273.41 
   atomix_15.in        12               1        156                89   850.53               0          37                32       92564958       355391004             96        1544255026   201.43 
   atomix_16.in         9               2        156                73  1540.52              29          29                20      274197517       402759924           9849        3043463205   328.99 
   atomix_17.in        15               1        168                90  1304.86               0          37                32       72161908       317883794          16597        1756813284   293.15 
   atomix_18.in         8               4         36                16    11.29              13          13                10           2566            3257              0             25256     0.00 
   atomix_19.in        15               1        156                65  1011.81               0          30                24       90411093       322558776          18882        1765559743   294.87 
   atomix_20.in        14               1        143                68    93.23              29          29                25        6797375        27033175           1075         134294434    24.82 
   atomix_21.in        12               2        182               108  1236.20               0          32                27       92624263       347990460           9197        1763647522   233.08 
   atomix_22.in         8               3        182                85   548.60              27          27                18      105440334       205188705           1121        1058117446   110.47 
   atomix_23.in         4              20        168                82    37.43              10          10                 8            107             114              0              1031     0.00 
   atomix_24.in        16               1        100                32   957.78               0          31                24       90885754       323950121          25812        1433519190   251.56 
   atomix_25.in        14               2        182               101  3600.55               0          37                31      252184967       296239432           2237        6642544781  1029.27 
   atomix_26.in         4              17        182               102    95.37              14          14                 7          23027           23559              0            148869     0.01 
   atomix_27.in        20               1        182                84  3600.55               0          47                43       92873925       123314619          93578        3411936672   742.93 
   atomix_28.in        10               1        132                65   116.20              29          29                21       18553953        40470140             26         216943162    25.49 
   atomix_29.in         8               2        182                79    11.82              22          22                18         213951          482401              0           2909957     0.31 
   atomix_30.in         8               4         36                16    11.07              13          13                10           2566            3257              0             25256     0.00 
      kai_01.in         3               9        100                39    38.32               9           9                 4            527             567              0              2366     0.00 
      kai_02.in         5               2        132                54    13.90              24          24                16         291956          381247              0           1460854     0.13 
      kai_03.in         6               4        169                65    15.61              16          16                12          50014           74342              0            508053     0.04 
      kai_05.in         8               2        132                67   248.16              27          27                18       51615992        97799590           1969         443799416    47.80 
      kai_06.in         4              16        143                72    60.62              14          14                 9          13878           15515              0             90024     0.01 
      kai_07.in        12               1        156                81  3585.84               0          35                29      371807011       647854608           2408        6568505778   858.39 
      kai_08.in        12               1        169                72  1937.98               0          37                32      222071191       491562698           4319        3862730208   504.79 
      kai_09.in        10               1        180                78  1311.32               0          36                29      192654729       444251603           5657        2603168512   301.19 
      kai_11.in         5               7        132                52    20.88              15          15                11          13999           18423              0            103875     0.01 
      kai_12.in        15               1        182                97  2341.86               0          37                32      136006816       386266968          17700        4060366282   784.38 
      kai_14.in        14               2        182                76  1440.45               0          42                38      133725132       372511792              0        2652428554   406.05 
      kai_17.in         8               3        169                80    15.03              23          23                19         326446          999272              0           4699099     0.46 
      kai_18.in        12               1        182                89  1101.83               0          36                30      110675793       377432233              0        2378780757   303.51 
      kai_19.in         4              21        156                73    87.59              19          19                13         205950          211995              0            786032     0.07 
      kai_20.in        12               1        196                90   952.70               0          39                33      109334384       365777865             32        1827029189   233.13 
      kai_21.in        14               1        225               101   856.94               0          43                39       83903994       318840417           3318        1492807787   226.75 
      kai_22.in        12               1        169                85  2442.23               0          35                29      267180046       545573144           3592        4697656283   604.33 
      kai_24.in        14               1        210                79   826.57               0          41                37       70437717       312329185           2260        1477116293   233.76 
      kai_25.in        14               1        210                95  2178.12               0          35                28      163605029       415987685           1644        4170045943   697.77 
      kai_27.in        19               1        225               112  2330.73               0          61                58       97731668       325665765           8144        3827301357   763.92 
      kai_28.in        16               1        225               106   862.06               0          47                43       56565811       295094151              0        1609844951   269.24 
      kai_29.in        21               1        210                87  2337.70               0          64                61      107913577       314020627             60        3656209486   778.44 
  katomic_01.in         3              23         99                49   110.49              15          15                 8           6486            6601              0             20451     0.00 
  katomic_02.in         5              10        143                64    59.65              27          27                18         819802          840597              0           3566933     0.31 
  katomic_03.in         6               4        156                66    20.61              20          20                14         398440          703915              0           3023963     0.27 
  katomic_04.in         6               8        121                45    49.04              23          23                15         510205          572025              0           3072096     0.31 
  katomic_05.in         9               2        132                52    34.06              27          27                21        5069822         8032762           1071          57926164     6.10 
  katomic_06.in         9               1        144                50   237.79              27          27                15       49395215        82900304            721         442010484    47.94 
  katomic_07.in        12               8        169                68   319.52              24          24                18       31392143        48770059           3541         573306024    76.79 
  katomic_08.in         7               1        121                61   267.42              26          26                14       70301909       117240594          17335         457697556    47.34 
  katomic_09.in        10               1        169                81   355.61              32          32                24       57060295       146591437          10110         719785047    81.66 
  katomic_10.in         5               8        169                84    20.41              19          19                16           1756            3190              0             11050     0.00 
  katomic_11.in         8               4        121                71   107.57              23          23                17       15945347        20507617              0         224188043    21.82 
  katomic_12.in        12               8        169                93  3091.94               0          37                28      399678896       626427014          12553        5640083688   738.41 
  katomic_13.in        12               1        169                87  1106.91               0          42                38      125003629       383185680            172        2217911720   283.22 
  katomic_14.in         9               1        169                85   786.06              29          29                20      147216097       281341888           6703        1405069311   154.04 
  katomic_15.in        15               1        169                87  3600.55               0          36                31      193447090       228421553          19978        4355327260   766.97 
  katomic_16.in        15               1        169                69  1387.81               0          44                39      126880868       363220108         118570        2483767047   406.36 
  katomic_17.in        14               2        143                73  2004.81               0          34                27      175648311       408879139         207783        3662555277   597.95 
  katomic_18.in        12               4        169                90   513.25              47          47                44       43583545       169508913          39090         757999572    97.54 
  katomic_19.in         8               2        195               103   831.41               0          32                22      136869398       282189637            208        1546474326   188.72 
  katomic_20.in         4              16        169                83    60.11              18          18                13          11202           12780              0             43390     0.00 
  katomic_21.in        16               1        144                32  3374.51               0          28                20      318079403       565673463         159137        5134877870   942.31 
  katomic_22.in        14               4        169                90  2800.46               0          33                26      231170486       453585845           3900        5071761990   835.01 
  katomic_23.in         4              32        169                93   208.24              18          18                 8         246059          249524              0            932493     0.09 
  katomic_24.in        20              10        195               115  1512.00               0          37                33       41951935       225236496          11766        1419510986   181.56 
  katomic_25.in        10               1        143                73   978.34               0          36                29      160014079       402850330            594        1830515245   206.62 
  katomic_26.in         7               3        169                81   221.06              36          36                27       66127950        68740305              0         405747498    38.01 
  katomic_27.in        12               1        169                81  2169.16               0          48                43      246404966       524068650            136        4487738424   570.84 
  katomic_28.in        12               1        169                73  1424.51               0          38                32      181168632       432884482             48        2616899520   336.01 
  katomic_29.in        15               1        169                71  2323.86               0          57                54      223135796       292669846           4047        4264334994   665.52 
  katomic_30.in        21               1        169                72  3600.53               0          53                51      185732019       204223302          62177        5120739611  1171.84 
  katomic_31.in         8               2        121                54    75.53              29          29                20       14242229        14784806              0         149498519    14.47 
  katomic_32.in         9               5         81                25    16.13              19          19                14          94545          111081              0           1157660     0.12 
  katomic_33.in        10               4        169                72  1612.41               0          65                43      278285173       483991401        1281645        2784372176   328.52 
  katomic_34.in        13               1        169                96  1348.93               0          38                32      118617589       365152456              5        2713649175   389.72 
  katomic_35.in        10               1         99                47  1208.17               0          35                28      231667835       466365827              0        2350083809   262.57 
  katomic_36.in         3              21        143                52    69.87               9           9                 4           1945            1983              0             11839     0.00 
  katomic_37.in        24               1        225               134  1110.98               0          56                52       35652530       238378137             16        1503658876   343.29 
  katomic_38.in         9               1        169                89  1369.87               0          35                22      266722879       506395087              5        2579876635   271.74 
  katomic_39.in        17               1        169                77   759.14               0          48                43       62466424       283523464              0        1383958864   249.38 
  katomic_40.in        16               1        121                61  1867.52               0          59                52      188160767       432021368         353031        3206612518   508.49 
  katomic_41.in        15               4        169                81  3600.55               0          35                30      270415798       332367642           1529        6340093730  1027.17 
  katomic_42.in        12               1        121                51  2452.58               0          36                29      282557736       555978162          10117        3907243537   505.13 
  katomic_43.in        26               1        169                86  1822.77               0          65                63       63302133       257784016              0        2553565718   665.62 
  katomic_44.in        21               1        156                65  1873.93               0          51                47       97505566       253134918              0        2580230927   587.93 
  katomic_45.in        14               1        156                63  1249.98               0          41                37      118764481       362232465              0        2563954499   404.16 
  katomic_46.in         7               3        143                53    13.76              24          24                19         275004          496058              0           1993460     0.20 
  katomic_47.in        11               1        121                60     5.24              29          29                27          57537          154922              0           1200627     0.14 
  katomic_48.in        17               1        169                79   647.06               0          58                54       46277174       270746391           3688        1133290114   222.62 
  katomic_49.in        18               1        143                71  1126.64               0          47                42       76785588       300423779           2383        1761071692   326.23 
  katomic_50.in        17               2        121                61  3600.55               0          43                36      316270807       318745841            612        6253784271  1084.21 
  katomic_51.in        16               1        169                82  1137.35               0          40                35       95214390       333357002            629        1860671397   342.90 
  katomic_52.in        19               1        169                84  1402.82               0          55                52       87941020       315476476              0        2256082698   436.85 
  katomic_53.in        16               2         63                35  1503.87               0          27                20      103683698       336472815          88460        2296559236   426.00 
  katomic_54.in        16               1        169                81  1084.16               0          37                31       93574729       333755373              0        2034957345   345.54 
  katomic_55.in        15               1        169                83  1487.59               0          49                44      138880862       382979891           1380        2628376583   418.01 
  katomic_56.in        15               1        169                79  2137.37               0          51                45      197825503       445961053            294        4053111894   623.42 
  katomic_57.in         5               3        132                45    13.34              21          21                16         105197          108378              0            590290     0.05 
  katomic_58.in         6               3        121                60    12.28              17          17                13          27527           55714              0            245990     0.02 
  katomic_59.in        16               4        121                49  1530.81               0          28                22      105431476       343672188              0        2967629429   474.86 
  katomic_60.in         7               4        121                54    15.30              19          19                15         119247          171147              0           1131630     0.10 
  katomic_61.in        10               2        117                58  1408.35               0          55                48      275931838       515994562          20061        2588918965   278.70 
  katomic_62.in        12               1        225                96  1495.28               0          52                46      180732715       348206653           1819        2909161070   374.08 
  katomic_63.in        12               2        143                70  1268.53               0          42                33      195816210       438728299           1125        2282546875   291.93 
  katomic_64.in        16               2        195                98   797.98               0          54                50       73774921       305760194            432        1248525913   231.54 
  katomic_65.in        17               1         81                25   602.76              32          32                26       86045181       213605945              0        1007509909   172.92 
  katomic_66.in        11               1        169                78  1514.71               0          33                26      185313756       447990408            309        2900106436   369.81 
  katomic_67.in        12               2        121                54  2179.72               0          33                25      314940968       511273482           6953        3983100956   501.62 
  marbles_01.in         4               2         64                21     8.63              11          11                 7           1077            1332              0              4230     0.00 
  marbles_02.in         5               5         90                38    20.18              15          15                10          62140           73317              9            394772     0.04 
  marbles_03.in         4               5         99                39    43.03              22          22                10         257533          263449            506            612772     0.06 
  marbles_04.in         3              18        100                49   204.57              22          22                 5         127118          127351              0            201322     0.03 
  marbles_05.in         5               2         81                34    16.73              25          25                15         161818          181181              0            517423     0.05 
  marbles_06.in         5               3        120                41     6.48              14          14                12            880            1429              0              5404     0.00 
  marbles_08.in         6               3        100                48    47.05              23          23                12        8329011         9763950              4          35319012     3.77 
  marbles_10.in        16               1         48                20     8.07              24          24                16          26139           43381             23            149595     0.03 
  marbles_11.in         8               1        169                59   222.33              28          28                19       43187004        70117089           3583         282968844    30.75 
  marbles_12.in         6               3         84                40   174.28              28          28                13       50930851        52951259            417         192839043    19.82 
  marbles_13.in         3               3         64                27    30.30              18          18                 6          41643           41940              0             63370     0.01 
  marbles_14.in         6               1        110                27     7.04              22          22                17          33105           38308              0            100711     0.01 
  marbles_15.in        12               1        169                62  3600.55               0          37                31      142754522       166230429             72        1979320102   277.31 
  marbles_20.in        32               1         64                36  3600.48               0          38                28       81803028       119211684          36628         551246118   183.22 
 unitopia_01.in         3              41        128                68    65.47              11          11                 9            603             613              0              3028     0.00 
 unitopia_02.in         4               5        128                62    30.95              22          22                14         109545          117447              0            409240     0.04 
 unitopia_03.in         5              12        128                56    22.09              16          16                14           2713            3402              0             20366     0.00 
 unitopia_04.in         6               5        128                59    10.36              20          20                19          11743           12885              0             99368     0.01 
 unitopia_05.in         6               7        128                68    36.80              20          20                13         471183          693136              0           3599827     0.31 
 unitopia_06.in         9               2        128                61   423.53              31          31                24       76491786       146818793           3259         875739665    91.83 
 unitopia_07.in        10               1        128                60  1731.41               0          36                27      301649718       563636406           6537        3039980369   362.94 
 unitopia_08.in         7               4        128                59    31.07              23          23                17        3058739         4529314              0          26823226     2.46 
 unitopia_09.in        12               2        128                60  1128.42               0          44                39      163372977       403468928          31096        1888498222   244.40 
 unitopia_10.in         8               2        128                57  1997.17               0          41                29      432509335       557578218              0        2795853466   401.33 
