           Name  NumAtoms  NumFinalStates  BoardSize  NumFreePositions     Time  SolutionLength  LowerBound  InitialHeuristic  NodesExpanded  NodesGenerated  NodesReOpened  CallsToHeuristic  PDBTime 
   15-puzzle.in        15               1         36                16     6.23              34          34                 4        2199531         1449449        1580411                 0     0.00 
  adrienl_01.in         7              26        198               122    17.98              20          20                13        1441696         1065456        1359653          15617291     0.00 
  adrienl_02.in         8               7        198               108  2404.35               0          32                21      462072393       349525299      431758132        5202836458     0.00 
  adrienl_03.in         7              43        198               133   543.02              22          22                10       46564570        32557147       42797614         512875597     0.00 
  adrienl_04.in         9               1        144                68  1341.94               0          35                24      429409214       308404667      384908997                 0     0.00 
  adrienl_05.in         4              64        198               131     6.48              12          12                 6          25915           18652          23621            203889     0.00 
   adrien_01.in         3              54        144                77     3.81               7           7                 6             13              13             13                65     0.00 
   adrien_02.in         5              13        144                81     4.61              17          17                10         369445          257095         334502           2960005     0.00 
   adrien_03.in         6              31        144                75     6.44              12          12                 9           3384            2943           3337             41958     0.00 
   adrien_04.in        10              16        198               119  3600.51               0          26                17      249485953       201669307      241420467        4751416023     0.00 
   adrien_05.in        10              13        180               108  3600.52               0          27                21      263565303       231162817      258188347        4758056489     0.00 
   adrien_06.in         6              15        144                81     3.89              15          15                10          78432           63938          76334            937172     0.00 
   atomix_01.in         3              17        110                45     4.01              13          13                 8            779             436            578              2023     0.00 
   atomix_02.in         5               6        154                61     6.41              21          21                16          13639           10003          12160             77745     0.00 
   atomix_03.in         6               4        169                65     3.75              16          16                12          34729           28274          33942            377078     0.00 
   atomix_04.in         6               2        143                60    26.97              23          23                14        9672842         6486813        8824527          78165173     0.00 
   atomix_05.in         9               2        182                80  1691.33               0          37                28      389941495       308404667      369727165        4896337150     0.00 
   atomix_06.in         8               4         36                16     3.62              13          13                12            264             239            264              2407     0.00 
   atomix_07.in         9               1        169                79   375.98              27          27                18       91232636        70033461       87255488                 0     0.00 
   atomix_08.in        12               1        156                81  2919.07               0          35                30      352622407       308404655      347502662                 0     0.00 
   atomix_09.in         7               1        110                49     7.28              20          20                11         912252          645342         841037                 0     0.00 
   atomix_10.in        10               2        156                82  2254.54               0          30                22      376526968       308404663      360178244        6110269611     0.00 
   atomix_11.in         5              14        169                83     3.47              14          14                10           4254            3468           4095             34789     0.00 
   atomix_12.in         9               4         36                16     6.23              14          14                11           2896            2502           2872             28818     0.00 
   atomix_13.in         8               1        110                49    10.07              28          28                23        1863877         1401799        1777994                 0     0.00 
   atomix_14.in        12               1        168                94  2437.98               0          36                31      344604918       308404655      341337507                 0     0.00 
   atomix_15.in        12               1        156                89  2847.86               0          37                32      348548645       308404655      344083347                 0     0.00 
   atomix_16.in         9               2        156                73  1919.94               0          28                20      387754041       308404667      371333307        5096712370     0.00 
   atomix_17.in        15               1        168                90  3601.43               0          36                31      149382695       136166538      148349227                 0     0.00 
   atomix_18.in         8               4         36                16     3.41              13          13                10           1962            1647           1937             18854     0.00 
   atomix_19.in        15               1        156                65  2437.61               0          29                22      314654767       275940990      309048609                 0     0.00 
   atomix_20.in        14               1        143                68   222.35              29          29                24       29894482        26017777       29513396                 0     0.00 
   atomix_21.in        12               2        182               108  3600.52               0          32                27      186597862       168938064      184586348        4040654758     0.00 
   atomix_22.in         8               3        182                85  1289.70              27          27                17      286881166       211551946      271139692        3449467028     0.00 
   atomix_23.in         4              20        168                82     6.43              10          10                 5           1966            1336           1756             11696     0.00 
   atomix_24.in        16               1        100                32  2780.78               0          30                24      313339541       275940986      309792575                 0     0.00 
   atomix_25.in        14               2        182               101  3093.90               0          37                31      291909566       275940994      287808856        7682799918     0.00 
   atomix_26.in         4              17        182               102     6.29              14          14                 7          15017           10026          13596             92385     0.00 
   atomix_27.in        20               1        182                84  3602.09               0          46                42       74474661        70946569       74388064                 0     0.00 
   atomix_28.in        10               1        132                65    65.42              29          29                21       13145066        10300445       12664629                 0     0.00 
   atomix_29.in         8               2        182                79     4.73              22          22                17         349252          293378         342270           5220381     0.00 
   atomix_30.in         8               4         36                16     6.31              13          13                10           1962            1647           1937             18854     0.00 
      kai_01.in         3               9        100                39     6.64               9           9                 4            211             149            192               876     0.00 
      kai_02.in         5               2        132                54     4.24              24          24                15         386635          245108         337499           2234446     0.00 
      kai_03.in         6               4        169                65     3.58              16          16                12          34730           28274          33944            377186     0.00 
      kai_05.in         8               2        132                67   345.85              27          27                18       91593513        67575441       86059414         995278316     0.00 
      kai_06.in         4              16        143                72     3.46              14          14                 9           7398            5168           6696             45214     0.00 
      kai_07.in        12               1        156                81  2352.99               0          34                29      349777713       308404655      343730649                 0     0.00 
      kai_08.in        12               1        169                72  2112.99               0          36                32      338330771       308404655      335526370                 0     0.00 
      kai_09.in        10               1        180                78  2093.60               0          36                29      381832194       308404663      370105702                 0     0.00 
      kai_11.in         5               7        132                52     6.47              15          15                10          15976           11699          15037            114602     0.00 
      kai_12.in        15               1        182                97  3112.42               0          36                31      304295196       275940990      302108765                 0     0.00 
      kai_14.in        14               2        182                76  3600.48               0          41                37      281538948       257711396      279604836        6358027460     0.00 
      kai_17.in         8               3        169                80     6.04              23          23                19         564839          498465         559517           9227100     0.00 
      kai_18.in        12               1        182                89  2168.73               0          35                29      344554940       308404655      341453889                 0     0.00 
      kai_19.in         4              21        156                73     6.30              19          19                13          30650           19321          24928            134685     0.00 
      kai_20.in        12               1        196                90  2610.11               0          39                33      347164157       308404655      343053238                 0     0.00 
      kai_21.in        14               1        225               101  2456.25               0          43                39      305119152       275940994      302822139                 0     0.00 
      kai_22.in        12               1        169                85  2251.99               0          34                29      359394051       308404655      352759306                 0     0.00 
      kai_24.in        14               1        210                79  2601.79               0          41                37      293909014       275940994      293116060                 0     0.00 
      kai_25.in        14               1        210                95  3288.28               0          35                28      311338727       275940994      307143479                 0     0.00 
      kai_27.in        19               1        225               112  3600.50               0          60                58      165969087       162465789      165955484                 0     0.00 
      kai_28.in        16               1        225               106  3222.23               0          47                43      294799428       275940986      294007609                 0     0.00 
      kai_29.in        21               1        210                87  3600.50               0          63                61      180294161       175149120      180100642                 0     0.00 
  katomic_01.in         3              23         99                49     3.79              15          15                 8           1076             608            794              2915     0.00 
  katomic_02.in         5              10        143                64     3.91              27          27                18         200462          121393         167902           1020300     0.00 
  katomic_03.in         6               4        156                66     4.68              20          20                14         380923          295608         363641           3518801     0.00 
  katomic_04.in         6               8        121                45     4.52              23          23                14         347123          222488         308558           2139075     0.00 
  katomic_05.in         9               2        132                52    92.18              27          27                19       24735585        19668045       23900791         299319979     0.00 
  katomic_06.in         9               1        144                50   217.72              27          27                15       56420692        38992248       52178944                 0     0.00 
  katomic_07.in        12               8        169                68   666.83              24          24                18       51468314        43484078       50485378         964310176     0.00 
  katomic_08.in         7               1        121                61   455.02              26          26                13      178356187       119388268      159897483                 0     0.00 
  katomic_09.in        10               1        169                81   544.93              32          32                24      126692571       102812816      123162210                 0     0.00 
  katomic_10.in         5               8        169                84     6.43              19          19                15           8908            6783           8400             52610     0.00 
  katomic_11.in         8               4        121                71   117.25              23          23                15       25010606        19944847       24178129         360047436     0.00 
  katomic_12.in        12               8        169                93  3600.48               0          36                28      322297481       255228950      309070768        4849269490     0.00 
  katomic_13.in        12               1        169                87  2609.48               0          42                38      352759049       308404655      348754338                 0     0.00 
  katomic_14.in         9               1        169                85  1615.61               0          28                19      402988204       308404667      377495992                 0     0.00 
  katomic_15.in        15               1        169                87  3601.87               0          36                31      157826403       144260987      156604600                 0     0.00 
  katomic_16.in        15               1        169                69  2271.98               0          43                38      305609044       275940990      301815007                 0     0.00 
  katomic_17.in        14               2        143                73  3161.04               0          32                26      312876663       275940994      309420921        7495231078     0.00 
  katomic_18.in        12               4        169                90  3600.15               0          47                44      114057630       110099007      114031804        2128447277     0.00 
  katomic_19.in         8               2        195               103   507.43              32          32                22      120375718        88988677      113915672        1552526154     0.00 
  katomic_20.in         4              16        169                83     6.23              18          18                13           4311            2822           3716             17107     0.00 
  katomic_21.in        16               1        144                32  3257.08               0          26                20      322559766       275940986      316120281                 0     0.00 
  katomic_22.in        14               4        169                90  3600.42               0          32                25      289777424       252888593      283482783        6969107133     0.00 
  katomic_23.in         4              32        169                93     3.41              18          18                 8          29593           17158          23717            122968     0.00 
  katomic_24.in        20              10        195               115  3600.48               0          36                33       10529706        10119720       10502489         406516573     0.00 
  katomic_25.in        10               1        143                73  1710.40               0          35                28      387017526       308404663      373209207                 0     0.00 
  katomic_26.in         7               3        169                81   271.47              36          36                26      102965059        64259498       89755331         701418048     0.00 
  katomic_27.in        12               1        169                81  2275.89               0          47                43      336545725       308404655      334907316                 0     0.00 
  katomic_28.in        12               1        169                73  2215.46               0          37                31      372296941       308404655      362218283                 0     0.00 
  katomic_29.in        15               1        169                71  2051.24               0          57                54      289485221       275940990      289205791                 0     0.00 
  katomic_30.in        21               1        169                72  3601.21               0          52                49      183366852       173170811      183125415                 0     0.00 
  katomic_31.in         8               2        121                54   172.00              29          29                16       50692462        34569410       46587932         546790389     0.00 
  katomic_32.in         9               5         81                25     4.70              19          19                13         394139          331836         386215           4894543     0.00 
  katomic_33.in        10               4        169                72  2306.29               0          50                38      400915701       308404663      366980175        4721250570     0.00 
  katomic_34.in        13               1        169                96  2994.74               0          37                30      318542494       275940998      313844207                 0     0.00 
  katomic_35.in        10               1         99                47  1614.26               0          33                24      395561585       308404663      367465077                 0     0.00 
  katomic_36.in         3              21        143                52     6.56               9           9                 4            523             363            469              2734     0.00 
  katomic_37.in        24               1        225               134  3602.09               0          55                51      111467122       108149796      111371713                 0     0.00 
  katomic_38.in         9               1        169                89  1816.71               0          34                22      414020502       308404667      380917397                 0     0.00 
  katomic_39.in        17               1        169                77  1972.04               0          47                43      267170663       249660882      266216569                 0     0.00 
  katomic_40.in        16               1        121                61  2909.33               0          57                50      314400705       275940986      305401158                 0     0.00 
  katomic_41.in        15               4        169                81  3600.51               0          35                30      180043890       163079218      178918758        4617105313     0.00 
  katomic_42.in        12               1        121                51  2928.69               0          35                28      365841164       308404655      355589491                 0     0.00 
  katomic_43.in        26               1        169                86  3600.50               0          65                63      128054710       126224777      128054709                 0     0.00 
  katomic_44.in        21               1        156                65  3600.49               0          48                44      221135148       196377647      218756327                 0     0.00 
  katomic_45.in        14               1        156                63  1928.81               0          39                36      296656439       275940994      295718060                 0     0.00 
  katomic_46.in         7               3        143                53     5.16              24          24                19         667444          512504         626815           5603950     0.00 
  katomic_47.in        11               1        121                60    16.40              29          29                27        2382814         2227782        2377563                 0     0.00 
  katomic_48.in        17               1        169                79  2848.36               0          57                53      264265540       249660882      263769881                 0     0.00 
  katomic_49.in        18               1        143                71  3501.00               0          46                41      268962238       249660878      267873334                 0     0.00 
  katomic_50.in        17               2        121                61  3600.42               0          42                35      240551465       217742164      238854228        4982243435     0.00 
  katomic_51.in        16               1        169                82  2967.90               0          40                35      301749088       275940986      299486118                 0     0.00 
  katomic_52.in        19               1        169                84  3600.50               0          53                51      221856536       214809504      221751919                 0     0.00 
  katomic_53.in        16               2         63                35  3600.38               0          26                20      230752810       208330670      225855635        5480256813     0.00 
  katomic_54.in        16               1        169                81  2304.51               0          36                30      303378051       275940986      301331745                 0     0.00 
  katomic_55.in        15               1        169                83  2994.35               0          48                43      301169275       275940990      299591836                 0     0.00 
  katomic_56.in        15               1        169                79  3020.39               0          49                44      300091298       275940990      298510355                 0     0.00 
  katomic_57.in         5               3        132                45     3.77              21          21                16          49589           35861          45966            297391     0.00 
  katomic_58.in         6               3        121                60     3.72              17          17                13          30195           23743          29211            299497     0.00 
  katomic_59.in        16               4        121                49  3600.16               0          27                22      298367126       270211634      296247695        9470676384     0.00 
  katomic_60.in         7               4        121                54     3.54              19          19                15          42353           35235          41335            465826     0.00 
  katomic_61.in        10               2        117                58  1743.48               0          54                48      398140154       308404663      381696155        4687357468     0.00 
  katomic_62.in        12               1        225                96  2245.81               0          52                46      342168028       308404655      338635109                 0     0.00 
  katomic_63.in        12               2        143                70  2220.59               0          42                33      394391318       308404655      377164270        5577475461     0.00 
  katomic_64.in        16               2        195                98  3600.49               0          54                50      278518755       261240486      277614706        6286186813     0.00 
  katomic_65.in        17               1         81                25   903.69              32          32                26      197875996       165915971      193940855                 0     0.00 
  katomic_66.in        11               1        169                78  2331.88               0          32                26      371143271       308404659      360912282                 0     0.00 
  katomic_67.in        12               2        121                54  2440.00               0          31                24      372156943       308404655      362389729        5614978225     0.00 
  marbles_01.in         4               2         64                21     3.46              11          11                 6           1123             717            943              4528     0.00 
  marbles_02.in         5               5         90                38     3.54              15          15                 9          29995           22016          27946            200834     0.00 
  marbles_03.in         4               5         99                39     3.38              22          22                10          68710           35281          47984            185053     0.00 
  marbles_04.in         3              18        100                49     3.96              22          22                 5           4021            1935           2588              8407     0.00 
  marbles_05.in         5               2         81                34     3.75              25          25                14          73297           42382          57906            285656     0.00 
  marbles_06.in         5               3        120                41     6.35              14          14                12           1473            1244           1424             10289     0.00 
  marbles_08.in         6               3        100                48    15.50              23          23                12        4063204         2594262        3375704          20297824     0.00 
  marbles_10.in        16               1         48                20     3.32              24          24                16          24814           19432          23652                 0     0.00 
  marbles_11.in         8               1        169                59   129.98              28          28                19       31384241        21582591       28876806                 0     0.00 
  marbles_12.in         6               3         84                40    59.90              28          28                13       21438315        11311005       16998347         104230997     0.00 
  marbles_13.in         3               3         64                27     6.56              18          18                 6           6603            3305           3778             11294     0.00 
  marbles_14.in         6               1        110                27     4.03              22          22                16          41516           25546          33251                 0     0.00 
  marbles_15.in        12               1        169                62  3600.49               0          37                31      144057756       119742232      139901358                 0     0.00 
  marbles_20.in        32               1         64                36  3600.50               0          37                28       75796566        58087657       71724956                 0     0.00 
 unitopia_01.in         3              41        128                68     3.87              11          11                 8            238             174            193               888     0.00 
 unitopia_02.in         4               5        128                62     3.45              22          22                14          93872           57592          76380            366412     0.00 
 unitopia_03.in         5              12        128                56     6.39              16          16                12           5451            3962           5094             35122     0.00 
 unitopia_04.in         6               5        128                59     3.48              20          20                18          13212           11292          12846            115608     0.00 
 unitopia_05.in         6               7        128                68     7.24              20          20                13         309479          226122         290203           2692795     0.00 
 unitopia_06.in         9               2        128                61   279.77              31          31                24       62824529        51684176       61090077         864243995     0.00 
 unitopia_07.in        10               1        128                60  1634.91               0          35                27      390654133       308404663      375337651                 0     0.00 
 unitopia_08.in         7               4        128                59    10.02              23          23                17        1308119         1015269        1243949          13000326     0.00 
 unitopia_09.in        12               2        128                60  2327.24               0          44                39      354714874       308404655      347150151        5204328597     0.00 
 unitopia_10.in         8               2        128                57  1682.02               0          40                28      517026729       349525299      466059913        4128917127     0.00 
