          Name  NumAtoms  NumFinalStates  BoardSize  NumFreePositions    Time  SolutionLength  LowerBound  InitialHeuristic  NodesExpanded  NodesGenerated  NodesReOpened  CallsToHeuristic  PDBTime
  15-puzzle.in     15.00            1.00      36.00             16.00    6.07           34.00       34.00              8.30      802244.70       534423.60      582193.50        1503868.10     0.26
 adrienl_01.in      7.00           26.00     198.00            122.00  149.03           20.00       20.00             13.00     1272785.90       928299.10     1195720.60       13650783.70    34.86
 adrienl_02.in      8.00            7.00     198.00            108.00 3600.51            0.00       32.00             21.80   174411378.80    131349061.80   163321656.70     1986759527.00  1759.31
 adrienl_03.in      7.00           43.00     198.00            133.00 2823.13           22.00       22.00             10.00    36361926.00     25345443.00    33400228.00      401616744.00  1221.79
 adrienl_04.in      9.00            1.00     144.00             68.00 1820.09            0.00       35.00             24.00   388575922.40    274055130.00   348703257.40     3069359445.30   362.21
 adrienl_05.in      4.00           64.00     198.00            131.00  101.46           12.00       12.00              7.00       20197.50        14982.60       18490.60         160136.80     0.97
  adrien_01.in      3.00           54.00     144.00             77.00   36.71            7.00        7.00              6.00          11.00           11.00          11.00             57.00     0.00
  adrien_02.in      5.00           13.00     144.00             81.00   18.37           17.00       17.00             10.00      291001.30       203794.40      264086.20        2367521.40     3.25
  adrien_03.in      6.00           31.00     144.00             75.00   41.21           12.00       12.00              9.00        1126.00          953.50        1110.00          14660.00     0.06
  adrien_04.in     10.00           16.00     198.00            119.00 3600.48            0.00       25.00             17.70    44407290.10     38076097.60    43312500.80      875163247.10  1854.42
  adrien_05.in     10.00           13.00     180.00            108.00 3587.71            2.80       27.10             21.40    51565013.80     46788890.20    50830299.70      955830558.80  1897.90
  adrien_06.in      6.00           15.00     144.00             81.00   26.54           15.00       15.00             11.00       32888.20        27498.30       32174.90         417083.20     0.74
  atomix_01.in      3.00           17.00     110.00             45.00    5.09           13.00       13.00              8.00         573.00          325.00         426.00           1543.00     0.00
  atomix_02.in      5.00            6.00     154.00             61.00    4.76           21.00       21.00             17.00        8883.80         6561.40        8033.50          50696.30     0.03
  atomix_03.in      6.00            4.00     169.00             65.00    5.92           16.00       16.00             12.00       15982.60        13287.00       15688.10         186545.50     0.08
  atomix_04.in      6.00            2.00     143.00             60.00   22.61           23.00       23.00             15.00     3467211.10      2416966.90     3208199.60       29667441.10     6.18
  atomix_05.in      9.00            2.00     182.00             80.00 3425.09            0.00       38.00             28.00   390730241.10    299893748.00   368921669.70     4719365413.60  1157.35
  atomix_06.in      8.00            4.00      36.00             16.00    3.14           13.00       13.00             12.00         124.50          116.50         124.50           1238.30     0.00
  atomix_07.in      9.00            1.00     169.00             79.00  258.54           27.00       27.00             18.90    41107478.10     31549134.50    39343364.00      553437006.90    59.96
  atomix_08.in     12.00            1.00     156.00             81.00 3537.05            0.00       35.20             30.20   309340685.10    267983288.00   305266580.10     6255493746.60   857.21
  atomix_09.in      7.00            1.00     110.00             49.00    6.10           20.00       20.00             11.30      684405.60       487452.20      631545.50        6854542.80     0.68
  atomix_10.in     10.00            2.00     156.00             82.00 3600.50            0.00       30.10             22.40   287466770.50    231240135.90   275855409.40     4694768325.10  1202.09
  atomix_11.in      5.00           14.00     169.00             83.00   12.08           14.00       14.00             10.00        1604.00         1301.80        1549.00          13317.60     0.02
  atomix_12.in      9.00            4.00      36.00             16.00    3.48           14.00       14.00             12.40         187.10          177.30         186.70           2003.40     0.00
  atomix_13.in      8.00            1.00     110.00             49.00    4.95           28.00       28.00             23.60      317779.80       248314.70      306601.50        3830941.30     0.38
  atomix_14.in     12.00            1.00     168.00             94.00 3537.90            0.00       36.00             31.00   300945152.30    269465777.50   297433919.40     6405625679.20   871.34
  atomix_15.in     12.00            1.00     156.00             89.00 3565.11            0.00       37.00             32.00   303321933.00    267074262.00   299256132.50     6573402078.80   896.01
  atomix_16.in      9.00            2.00     156.00             73.00 2514.69           29.00       29.00             20.00   263270538.90    202259535.20   251085755.50     3368772248.30   818.67
  atomix_17.in     15.00            1.00     168.00             90.00 3600.51            0.00       37.00             31.30   130240772.00    120350189.10   129654309.00     3730372945.00   663.71
  atomix_18.in      8.00            4.00      36.00             16.00    3.85           13.00       13.00             10.20         655.30          552.70         642.70           6995.40     0.00
  atomix_19.in     15.00            1.00     156.00             65.00 3565.26            0.00       30.00             23.10   260589793.60    232062962.40   257224771.10     5743904647.80  1021.74
  atomix_20.in     14.00            1.00     143.00             68.00   46.68           29.00       29.00             25.00     3098337.40      2823073.10     3083287.30       72854322.10    12.26
  atomix_21.in     12.00            2.00     182.00            108.00 3600.49            0.00       32.00             27.00   119894089.20    107772591.00   119224962.40     2706476554.60   793.20
  atomix_22.in      8.00            3.00     182.00             85.00  685.63           27.00       27.00             18.30    59106399.30     44669707.30    56320789.20      749565038.40   272.90
  atomix_23.in      4.00           20.00     168.00             82.00   14.99           10.00       10.00              8.00         180.10          172.60         174.60           1318.50     0.00
  atomix_24.in     16.00            1.00     100.00             32.00 3600.51            0.00       31.00             24.30   257029511.70    227265752.80   254506273.20     4974346293.30   901.88
  atomix_25.in     14.00            2.00     182.00            101.00 3600.52            0.00       37.30             31.80   142809960.20    132944538.00   141381495.30     3997506655.40  1474.70
  atomix_26.in      4.00           17.00     182.00            102.00   23.81           14.00       14.00              7.00       11029.40         7410.80        9989.10          68588.50     0.14
  atomix_27.in     20.00            1.00     182.00             84.00 3600.50            0.00       46.10             43.00    66435891.40     63512190.50    66362420.20     2546540041.90   600.90
  atomix_28.in     10.00            1.00     132.00             65.00   72.21           29.00       29.00             21.10     9706571.20      7542408.70     9332958.00      147935689.70    18.14
  atomix_29.in      8.00            2.00     182.00             79.00    6.43           22.00       22.00             18.00      102361.90        86407.00      100580.20        1570666.30     0.36
  atomix_30.in      8.00            4.00      36.00             16.00    3.28           13.00       13.00             10.20         655.30          552.70         642.70           6995.40     0.00
     kai_01.in      3.00            9.00     100.00             39.00    4.26            9.00        9.00              4.00         183.00          131.00         166.00            773.00     0.00
     kai_02.in      5.00            2.00     132.00             54.00    3.96           24.00       24.00             16.00      126693.20        84563.30      112432.80         748432.80     0.15
     kai_03.in      6.00            4.00     169.00             65.00    5.85           16.00       16.00             12.00       15481.90        12898.60       15204.20         181290.60     0.07
     kai_05.in      8.00            2.00     132.00             67.00  247.31           27.00       27.00             18.50    31482847.60     23292074.70    29673676.10      348914634.70    83.07
     kai_06.in      4.00           16.00     143.00             72.00    9.86           14.00       14.00              9.00        4787.50         3409.10        4374.10          30221.40     0.05
     kai_07.in     12.00            1.00     156.00             81.00 3457.06            0.00       34.20             29.00   317816584.10    272908482.30   311560043.20     6247730714.10   856.23
     kai_08.in     12.00            1.00     169.00             72.00 3172.41            0.00       37.00             32.00   303827002.80    272130363.00   301229428.80     5918477089.30   803.63
     kai_09.in     10.00            1.00     180.00             78.00 2687.16            0.00       36.00             29.00   337033974.30    272257642.00   326460929.70     5337711462.70   654.64
     kai_11.in      5.00            7.00     132.00             52.00    4.48           15.00       15.00             11.00        5598.20         4423.90        5413.70          44472.10     0.03
     kai_12.in     15.00            1.00     182.00             97.00 3600.51            0.00       36.50             31.50   192014119.60    176260955.60   190679476.00     6191794616.20  1085.61
     kai_14.in     14.00            2.00     182.00             76.00 3600.51            0.00       42.00             38.00   150015027.50    138342115.20   149242339.30     3468830550.60  1236.77
     kai_17.in      8.00            3.00     169.00             80.00    8.83           23.00       23.00             19.00      137489.20       122536.70      136213.60        2365263.30     0.82
     kai_18.in     12.00            1.00     182.00             89.00 3568.56            0.00       36.00             30.00   300187651.50    267416387.30   296640067.00     7364167730.60   999.01
     kai_19.in      4.00           21.00     156.00             73.00   13.62           19.00       19.00             13.00       26179.90        16542.70       21168.60         115432.60     0.27
     kai_20.in     12.00            1.00     196.00             90.00 3255.42            0.00       39.40             33.40   295883564.00    269996632.00   291571507.10     6008225929.80   820.53
     kai_21.in     14.00            1.00     225.00            101.00 3553.69            0.00       43.10             39.10   260031519.60    234447596.90   257876234.50     5585209961.70   932.82
     kai_22.in     12.00            1.00     169.00             85.00 3301.43            0.00       35.00             29.60   313067970.70    272130363.00   308145250.70     6040241735.70   818.12
     kai_24.in     14.00            1.00     210.00             79.00 3600.52            0.00       41.00             37.00   239981303.30    223832739.30   239259222.30     5978445856.10  1019.47
     kai_25.in     14.00            1.00     210.00             95.00 3600.52            0.00       35.00             28.00   222192858.00    196450543.40   219022711.40     6006055922.80  1088.09
     kai_27.in     19.00            1.00     225.00            112.00 3600.52            0.00       60.60             58.10   108057463.10    105191509.20   108022589.00     4336246366.90   957.98
     kai_28.in     16.00            1.00     225.00            106.00 3600.49            0.00       47.80             43.80   193080398.10    181766357.00   192314248.10     6308908646.80  1188.73
     kai_29.in     21.00            1.00     210.00             87.00 3600.48            0.00       64.00             61.10   110261392.20    106071775.40   110187061.40     3969201494.40   976.53
 katomic_01.in      3.00           23.00      99.00             49.00    6.34           15.00       15.00              8.00         805.00          436.00         592.00           2020.00     0.01
 katomic_02.in      5.00           10.00     143.00             64.00    7.13           27.00       27.00             18.00      126200.30        73844.00      105383.40         628429.20     0.64
 katomic_03.in      6.00            4.00     156.00             66.00    7.15           20.00       20.00             14.00      150841.10       117680.00      144438.20        1402946.40     0.60
 katomic_04.in      6.00            8.00     121.00             45.00    6.15           23.00       23.00             15.90      123433.90        85617.90      112388.40         776458.50     0.68
 katomic_05.in      9.00            2.00     132.00             52.00   26.43           27.00       27.00             20.40     2730924.30      2238608.10     2658182.10       34376371.20     8.46
 katomic_06.in      9.00            1.00     144.00             50.00  145.25           27.00       27.00             15.40    26910363.50     18479485.20    24858438.60      294003073.50    33.62
 katomic_07.in     12.00            8.00     169.00             68.00  478.71           24.00       24.00             18.40     8880758.60      7771368.20     8777423.10      174035266.40   227.02
 katomic_08.in      7.00            1.00     121.00             61.00  177.17           26.00       26.00             14.20    44635492.50     30588638.90    40846978.20      366081243.80    37.09
 katomic_09.in     10.00            1.00     169.00             81.00  710.07           32.40       32.40             25.20    95151008.50     76757129.70    92898516.40     1513063853.80   184.35
 katomic_10.in      5.00            8.00     169.00             84.00    7.80           19.00       19.00             16.00        1006.20          790.10         970.80           6853.30     0.01
 katomic_11.in      8.00            4.00     121.00             71.00   98.05           23.00       23.00             17.00     5552034.80      4711091.90     5416306.50       85993850.50    42.29
 katomic_12.in     12.00            8.00     169.00             93.00 3600.51            0.00       36.00             28.00    84503276.90     75666306.00    81251452.20     1362764764.60  1740.17
 katomic_13.in     12.00            1.00     169.00             87.00 3335.70            0.00       42.00             38.00   310307022.60    272130363.00   306461583.20     6220012460.40   839.04
 katomic_14.in      9.00            1.00     169.00             85.00  693.27           29.00       29.00             19.30   118015935.40     85380391.20   111419834.40     1392740276.10   154.57
 katomic_15.in     15.00            1.00     169.00             87.00 3600.51            0.00       36.00             31.10   139135100.00    125307759.10   137990370.50     3371464065.10   611.54
 katomic_16.in     15.00            1.00     169.00             69.00 3553.81            0.00       44.00             39.10   265177283.90    240666276.30   263524559.40     5769355451.60   994.13
 katomic_17.in     14.00            2.00     143.00             73.00 3600.51            0.00       33.30             26.60   159902381.90    142085676.10   158680961.20     3790843470.00  1469.58
 katomic_18.in     12.00            4.00     169.00             90.00 1429.84           47.00       47.00             44.00    27182504.30     26292893.70    27177472.50      524662548.50   318.62
 katomic_19.in      8.00            2.00     195.00            103.00  893.88           32.00       32.00             22.00    99608776.10     73449544.70    94312319.30     1296184291.90   301.92
 katomic_20.in      4.00           16.00     169.00             83.00   11.68           18.00       18.00             13.00        3683.10         2411.20        3183.00          14496.30     0.02
 katomic_21.in     16.00            1.00     144.00             32.00 3600.51            0.00       27.50             20.40   273070878.40    229711569.90   268510438.80     4895715869.30   955.49
 katomic_22.in     14.00            4.00     169.00             90.00 3600.51            0.00       32.30             26.00    87957647.10     77400258.40    86693120.30     2155600425.00  1824.27
 katomic_23.in      4.00           32.00     169.00             93.00   31.01           18.00       18.00              8.00       28848.60        16740.70       23098.70         119616.90     0.45
 katomic_24.in     20.00           10.00     195.00            115.00 3600.51            0.00       36.00             33.00     7858665.20      7485097.30     7848739.70      311015591.20   506.27
 katomic_25.in     10.00            1.00     143.00             73.00 2402.33            7.40       36.20             29.20   325381224.30    265803564.40   315793165.90     4507737658.00   551.11
 katomic_26.in      7.00            3.00     169.00             81.00  121.94           36.00       36.00             27.70    18730841.60     12383300.90    16595682.40      132447472.60    43.64
 katomic_27.in     12.00            1.00     169.00             81.00 3338.80            0.00       47.10             43.00   296429037.80    272130363.00   294367003.20     6048448989.90   813.46
 katomic_28.in     12.00            1.00     169.00             73.00 3193.15            0.00       38.60             32.10   328212561.10    272130363.00   318335363.70     5623276794.80   762.64
 katomic_29.in     15.00            1.00     169.00             71.00 3120.92            0.00       57.50             54.10   261172402.50    245523625.00   260449743.40     5270811685.90   873.70
 katomic_30.in     21.00            1.00     169.00             72.00 3600.51            0.00       53.50             51.00   133476832.20    128013933.80   133369426.00     3962132203.40   975.69
 katomic_31.in      8.00            2.00     121.00             54.00   37.07           29.00       29.00             20.00     4423613.70      3204960.50     4153384.90       51775495.90    11.82
 katomic_32.in      9.00            5.00      81.00             25.00    5.45           19.00       19.00             14.10      104302.90        91544.00      103111.40        1343823.70     0.89
 katomic_33.in     10.00            4.00     169.00             72.00 3600.52            0.00       51.70             43.00   229067166.40    168930116.10   225933610.10     2761306273.20  1520.10
 katomic_34.in     13.00            1.00     169.00             96.00 3600.52            0.00       38.00             32.00   239197471.60    223141292.60   236555983.10     6114597714.20   932.96
 katomic_35.in     10.00            1.00      99.00             47.00 2113.18            0.00       35.50             28.00   356198415.00    275328190.00   335842632.50     4199709249.50   490.91
 katomic_36.in      3.00           21.00     143.00             52.00    6.72            9.00        9.00              4.00         398.00          272.00         357.00           2081.00     0.01
 katomic_37.in     24.00            1.00     225.00            134.00 3600.51            0.00       56.00             52.00    80927818.50     78807526.70    80907881.70     3847697228.30   997.69
 katomic_38.in      9.00            1.00     169.00             89.00 2181.60            0.00       35.30             22.60   365549640.30    272892503.00   337942305.60     4230240437.90   494.77
 katomic_39.in     17.00            1.00     169.00             77.00 3567.92            0.00       48.60             43.60   238374517.30    221527667.30   237292263.60     6163128960.00  1201.37
 katomic_40.in     16.00            1.00     121.00             61.00 3600.52            0.00       59.00             52.00   251094704.10    217304980.50   244329445.20     4881878249.70   858.02
 katomic_41.in     15.00            4.00     169.00             81.00 3600.50            0.00       35.00             30.00    75088009.20     68002356.60    74466798.80     1932981962.80  1537.35
 katomic_42.in     12.00            1.00     121.00             51.00 3595.65            0.00       35.10             28.10   311906953.60    257286240.10   303606298.20     4990068112.80   686.92
 katomic_43.in     26.00            1.00     169.00             86.00 3600.51            0.00       65.00             63.00    82060393.80     80705467.80    82060120.80     3417634621.30   981.02
 katomic_44.in     21.00            1.00     156.00             65.00 3600.52            0.00       50.90             47.10   132112246.80    124118499.30   131163222.70     3918700270.30   988.61
 katomic_45.in     14.00            1.00     156.00             63.00 3211.63            0.00       41.00             37.00   267043583.20    246949168.00   265803009.90     6285082095.60  1007.62
 katomic_46.in      7.00            3.00     143.00             53.00    5.13           24.00       24.00             19.00      116320.30        90460.90      110071.60        1009403.10     0.33
 katomic_47.in     11.00            1.00     121.00             60.00    5.63           29.00       29.00             27.00      132158.00       127781.00      131921.60        2980708.60     0.38
 katomic_48.in     17.00            1.00     169.00             79.00 3600.52            0.00       58.40             54.40   193367176.10    185314069.50   193100771.10     5444760386.70  1115.28
 katomic_49.in     18.00            1.00     143.00             71.00 3600.51            0.00       47.00             42.10   169902318.10    158045428.50   169238390.60     4624201361.40   933.49
 katomic_50.in     17.00            2.00     121.00             61.00 3600.49            0.00       43.10             35.90   132093774.90    119462591.60   131004651.80     2838825221.20  1192.83
 katomic_51.in     16.00            1.00     169.00             82.00 3600.52            0.00       40.10             35.00   234988891.10    210823959.60   233305140.00     5442881009.50  1072.75
 katomic_52.in     19.00            1.00     169.00             84.00 3600.52            0.00       54.80             52.00   146059572.60    140580010.40   145961207.70     4255830521.60   909.20
 katomic_53.in     16.00            2.00      63.00             35.00 3600.51            0.00       27.00             20.70   117896145.30    104373690.20   116954581.90     2949648865.80  1296.19
 katomic_54.in     16.00            1.00     169.00             81.00 3600.52            0.00       37.00             31.00   256634700.40    233328625.20   254686439.60     6545898009.00  1180.26
 katomic_55.in     15.00            1.00     169.00             83.00 3600.51            0.00       49.00             43.30   236908714.70    214436886.40   235016914.40     5221947172.90   881.58
 katomic_56.in     15.00            1.00     169.00             79.00 3600.52            0.00       51.00             45.00   233560918.50    213482823.10   232137065.00     5275117078.20   878.86
 katomic_57.in      5.00            3.00     132.00             45.00    3.46           21.00       21.00             16.00       30532.50        21986.20       28377.00         185739.10     0.05
 katomic_58.in      6.00            3.00     121.00             60.00    5.08           17.00       17.00             13.80        6030.40         4973.50        5906.10          63426.70     0.02
 katomic_59.in     16.00            4.00     121.00             49.00 3355.30           16.80       27.70             22.00    70677119.60     64382252.20    70126746.80     2245529140.30  1833.77
 katomic_60.in      7.00            4.00     121.00             54.00    4.86           19.00       19.00             15.00       34471.80        28311.50       33570.40         376449.90     0.17
 katomic_61.in     10.00            2.00     117.00             58.00 3503.32            0.00       55.00             48.40   398040460.30    306062905.30   381699414.10     4651113612.80  1149.42
 katomic_62.in     12.00            1.00     225.00             96.00 2913.43            0.00       52.00             46.00   298006386.30    266948403.00   294069405.20     5333141985.30   726.17
 katomic_63.in     12.00            2.00     143.00             70.00 3600.51            0.00       42.00             33.00   317967433.80    251882446.60   302461949.80     4423710669.90  1230.36
 katomic_64.in     16.00            2.00     195.00             98.00 3600.48            0.00       54.10             50.20   142597979.80    132414078.50   141692958.30     3143061797.30  1336.80
 katomic_65.in     17.00            1.00      81.00             25.00  520.78           32.00       32.00             26.00    62886060.00     52683009.30    61604267.90      868166680.10   160.57
 katomic_66.in     11.00            1.00     169.00             78.00 2966.06            0.00       33.00             26.00   317303644.30    272892495.00   308735961.70     5649716376.90   745.71
 katomic_67.in     12.00            2.00     121.00             54.00 3600.52            0.00       33.00             25.00   285285385.40    242909658.50   278697545.50     4318089430.50  1199.76
 marbles_01.in      4.00            2.00      64.00             21.00    3.55           11.00       11.00              7.00         612.80          399.60         522.60           2484.40     0.00
 marbles_02.in      5.00            5.00      90.00             38.00    3.35           15.00       15.00             10.00       10814.00         8309.60       10185.10          74430.60     0.04
 marbles_03.in      4.00            5.00      99.00             39.00    3.87           22.00       22.00             10.00       61567.70        31462.30       43370.90         165422.20     0.08
 marbles_04.in      3.00           18.00     100.00             49.00    5.59           22.00       22.00              5.00        3931.00         1897.00        2521.00           8162.00     0.02
 marbles_05.in      5.00            2.00      81.00             34.00    3.51           25.00       25.00             14.70       59349.20        33879.80       46647.90         226451.50     0.04
 marbles_06.in      5.00            3.00     120.00             41.00    3.55           14.00       14.00             12.00         626.70          549.10         610.10           4345.40     0.00
 marbles_08.in      6.00            3.00     100.00             48.00   16.31           23.00       23.00             12.00     2583138.70      1652974.20     2169407.20       12930134.80     4.22
 marbles_10.in     16.00            1.00      48.00             20.00    4.45           24.00       24.00             16.00       13839.60        10512.60       13246.20          86532.20     0.02
 marbles_11.in      8.00            1.00     169.00             59.00  147.32           28.00       28.00             19.00    25803613.50     17789843.10    23820375.10      211799440.80    22.92
 marbles_12.in      6.00            3.00      84.00             40.00   90.61           28.00       28.00             13.00    17480344.80      9263246.30    13789864.70       82337075.70    27.06
 marbles_13.in      3.00            3.00      64.00             27.00    3.64           18.00       18.00              6.00        6518.00         3288.00        3735.00          11168.00     0.00
 marbles_14.in      6.00            1.00     110.00             27.00    3.22           22.00       22.00             16.40       28410.00        17151.00       22831.80          98175.90     0.01
 marbles_15.in     12.00            1.00     169.00             62.00 3600.52            0.00       37.00             31.00   125163814.20    109194673.60   121627887.00     1997617096.30   288.24
 marbles_20.in     32.00            1.00      64.00             36.00 3600.51            0.00       37.50             28.00    71763940.10     54194265.10    67768762.70      547505739.90   170.89
unitopia_01.in      3.00           41.00     128.00             68.00   18.40           11.00       11.00              9.00          97.00           80.00          87.00            422.00     0.00
unitopia_02.in      4.00            5.00     128.00             62.00    4.89           22.00       22.00             14.00       62833.20        38419.10       51273.60         248235.90     0.12
unitopia_03.in      5.00           12.00     128.00             56.00    5.46           16.00       16.00             14.00        1478.50         1285.90        1455.50          11405.60     0.01
unitopia_04.in      6.00            5.00     128.00             59.00    5.43           20.00       20.00             18.70        3140.70         2803.80        3117.00          28407.90     0.01
unitopia_05.in      6.00            7.00     128.00             68.00   11.78           20.00       20.00             13.00      223536.60       162348.00      209411.40        1963650.50     1.49
unitopia_06.in      9.00            2.00     128.00             61.00  258.46           31.00       31.00             24.20    27000785.80     22256814.70    26272850.10      368757782.10    89.42
unitopia_07.in     10.00            1.00     128.00             60.00 1990.24           32.40       35.90             27.00   306860318.70    234699786.80   293110529.00     3681075039.00   455.53
unitopia_08.in      7.00            4.00     128.00             59.00   12.72           23.00       23.00             17.00      750877.50       586185.90      716220.70        7662395.40     3.37
unitopia_09.in     12.00            2.00     128.00             60.00 3600.49            0.00       44.00             39.00   292741387.20    251800775.80   287203366.90     4259663062.10  1194.95
unitopia_10.in      8.00            2.00     128.00             57.00 1172.66           41.00       41.00             29.00   212605700.50    140660454.60   191705146.10     1647912296.10   370.35