           Name  NumAtoms  NumFinalStates  BoardSize  NumFreePositions     Time  SolutionLength  LowerBound  InitialHeuristic  NodesExpanded  NodesGenerated  NodesReOpened  CallsToHeuristic  PDBTime 
   15-puzzle.in        15               1         36                16    18.82              34          34                10         560221          378994         405385           1058720    14.09 
  adrienl_01.in         7              26        198               122   121.24              20          20                13        1398631         1029327        1317316          15119443    96.83 
  adrienl_02.in         8               7        198               108  3600.29               0          30                21       54201938        40900227       50878249         635078987  3052.21 
  adrienl_03.in         7              43        198               133  3600.48               0          21                10       43108910        30766586       39645164         483170295  2907.88 
  adrienl_04.in         9               1        144                68  3600.31               0          34                24       99157474        71517867       89368688         791079185  3084.96 
  adrienl_05.in         4              64        198               131     6.19              12          12                 6          21030           15523          19188            167830     0.30 
   adrien_01.in         3              54        144                77     5.98               7           7                 6             13              13             13                65     0.00 
   adrien_02.in         5              13        144                81    13.71              17          17                10         334349          234528         302251           2694656     8.29 
   adrien_03.in         6              31        144                75     5.86              12          12                 9           1666            1448           1637             21728     0.07 
   adrien_04.in        10              16        198               119  3600.33               0          24                17       20206198        17299184       19655267         418580777  3057.60 
   adrien_05.in        10              13        180               108  3600.48               0          26                21       23652906        21096248       23323555         467620194  3055.64 
   adrien_06.in         6              15        144                81     7.37              15          15                10          57236           46743          55682            705963     2.67 
   atomix_01.in         3              17        110                45     4.67              13          13                 8            753             416            553              1949     0.00 
   atomix_02.in         5               6        154                61     6.09              21          21                16          10811            7936           9619             61245     0.20 
   atomix_03.in         6               4        169                65     5.43              16          16                12          26233           21263          25601            292084     1.12 
   atomix_04.in         6               2        143                60   197.67              23          23                15        5233284         3570208        4802671          43724282   163.25 
   atomix_05.in         9               2        182                80  3600.34               0          36                28       37969145        30501987       36441991         500081639  3236.37 
   atomix_06.in         8               4         36                16     6.22              13          13                12            153             140            153              1425     0.01 
   atomix_07.in         9               1        169                79  1746.24              27          27                19       30435707        23403156       29123181         406251237  1546.14 
   atomix_08.in        12               1        156                81  3600.34               0          35                31       25901793        23642981       25743664         568263944  3303.91 
   atomix_09.in         7               1        110                49    29.07              20          20                11         712782          497993         654431           7117098    22.93 
   atomix_10.in        10               2        156                82  3600.45               0          29                22       32548226        26969928       31557786         559582289  3230.02 
   atomix_11.in         5              14        169                83     5.84              14          14                10           2932            2390           2805             24335     0.08 
   atomix_12.in         9               4         36                16     4.01              14          14                12            150             142            150              1727     0.01 
   atomix_13.in         8               1        110                49    13.34              28          28                24         179219          146172         175058           2264537     6.79 
   atomix_14.in        12               1        168                94  3600.37               0          35                31       23887479        22241872       23727110         549160202  3300.34 
   atomix_15.in        12               1        156                89  3600.38               0          36                32       29329061        26338090       29051591         657200180  3255.21 
   atomix_16.in         9               2        156                73  3600.28               0          27                20       38038908        30870120       36638924         531301820  3182.00 
   atomix_17.in        15               1        168                90  3600.48               0          37                32       13092470        12195368       13040963         385269104  3306.24 
   atomix_18.in         8               4         36                16     4.43              13          13                10            866             717            848              9164     0.06 
   atomix_19.in        15               1        156                65  3600.34               0          30                25       11511795        10903375       11405119         262648531  3443.27 
   atomix_20.in        14               1        143                68   173.31              29          29                25         884354          810893         880190          21587719   157.40 
   atomix_21.in        12               2        182               108  3600.46               0          31                27       15626054        14469707       15534663         373753543  3076.54 
   atomix_22.in         8               3        182                85  3600.40               0          26                17       49912216        38167153       47449352         652312989  3137.89 
   atomix_23.in         4              20        168                82     3.23              10          10                 6            995             731            912              6321     0.01 
   atomix_24.in        16               1        100                32  3600.45               0          32                26       15806585        14264055       15673804         319882107  3395.10 
   atomix_25.in        14               2        182               101  3600.49               0          38                34       12322067        15277178       12265714         359850842  3327.90 
   atomix_26.in         4              17        182               102     5.74              14          14                 7          13711            9175          12401             84395     0.15 
   atomix_27.in        20               1        182                84  3600.36               0          46                43        4769713         4686493        4764710         192012380  3349.17 
   atomix_28.in        10               1        132                65   704.10              29          29                21       10152544         7870550        9752630         154584550   618.71 
   atomix_29.in         8               2        182                79    19.19              22          22                17         160572          136470         157803           2491693    12.24 
   atomix_30.in         8               4         36                16     4.19              13          13                10            866             717            848              9164     0.06 
      kai_01.in         3               9        100                39     6.01               9           9                 4            202             144            184               844     0.00 
      kai_02.in         5               2        132                54     7.29              24          24                15         183793          117606         160194           1048447     3.31 
      kai_03.in         6               4        169                65     6.01              16          16                12          26232           21263          25603            292065     0.90 
      kai_05.in         8               2        132                67  2922.56              27          27                19       38544536        28518381       36205790         419432094  2593.13 
      kai_06.in         4              16        143                72     3.65              14          14                 9           6139            4366           5547             38209     0.08 
      kai_07.in        12               1        156                81  3600.47               0          34                29       26548045        23702887       26118822         557996655  3298.99 
      kai_08.in        12               1        169                72  3600.31               0          36                32       26036796        23932046       25883322         536139925  3306.88 
      kai_09.in        10               1        180                78  3600.32               0          35                29       44214689        36730568       43182337         738282591  3226.75 
      kai_11.in         5               7        132                52     6.10              15          15                10           7925            5973           7495             59758     0.20 
      kai_12.in        15               1        182                97  3600.39               0          36                32       11426437        10804857       11381247         380544546  3421.12 
      kai_14.in        14               2        182                76  3600.49               0          41                38       16264645        15296018       16211367         384586986  3251.74 
      kai_17.in         8               3        169                80    25.78              23          23                19         241370          211501         238433           4125528    17.65 
      kai_18.in        12               1        182                89  3600.31               0          35                30       24610103        22235101       24402999         629425437  3312.87 
      kai_19.in         4              21        156                73     6.04              19          19                13          28266           17760          22948            124344     0.21 
      kai_20.in        12               1        196                90  3600.36               0          39                34       21031971        19329543       20829748         453419273  3360.64 
      kai_21.in        14               1        225               101  3600.49               0          42                39       16963629        15618328       16882817         378531894  3409.05 
      kai_22.in        12               1        169                85  3600.46               0          34                31       30438154        27278894       30183795         611647535  3303.74 
      kai_24.in        14               1        210                79  3600.32               0          40                37       16645898        15732991       16588892         424460026  3357.28 
      kai_25.in        14               1        210                95  3600.43               0          34                28       16971319        14878280       16758350         484532873  3372.92 
      kai_27.in        19               1        225               112  3600.46               0          61                59        7067938         7432173        7067874         297151114  3443.03 
      kai_28.in        16               1        225               106  3600.34               0          48                44       11400075        10758867       11365893         406509623  3400.28 
      kai_29.in        21               1        210                87  3600.29               0          65                62        6668447         6503111        6665285         261187125  3436.45 
  katomic_01.in         3              23         99                49     4.71              15          15                 8           1065             601            784              2886     0.01 
  katomic_02.in         5              10        143                64     8.67              27          27                18         186355          111924         155471            941522     3.60 
  katomic_03.in         6               4        156                66    12.92              20          20                14         232743          180015         221662           2122876     7.83 
  katomic_04.in         6               8        121                45    10.43              23          23                14         257231          168450         229547           1608035     5.44 
  katomic_05.in         9               2        132                52   319.48              27          27                20        3612481         2965178        3510056          44908792   285.52 
  katomic_06.in         9               1        144                50  1107.75              27          27                16       22177054        15266382       20477738         241983859   982.31 
  katomic_07.in        12               8        169                68  2835.72              24          24                18       15350552        13114035       15062459         303879364  2485.62 
  katomic_08.in         7               1        121                61  1821.39              26          26                14       52641262        36054996       47817772         427933867  1570.63 
  katomic_09.in        10               1        169                81  1548.18              32          32                25       19101366        15858250       18669950         304535784  1388.64 
  katomic_10.in         5               8        169                84     6.04              19          19                16            932             725            898              6357     0.02 
  katomic_11.in         8               4        121                71   919.90              23          23                15       11411727         9858316       11045151         179346477   801.48 
  katomic_12.in        12               8        169                93  3600.48               0          35                28       23537880        19084360       22754057         380484138  3159.03 
  katomic_13.in        12               1        169                87  3600.30               0          41                38       24309672        22135133       24144955         521232560  3319.41 
  katomic_14.in         9               1        169                85  3600.51               0          28                20       63547868        47894930       59803762         783725167  3222.30 
  katomic_15.in        15               1        169                87  3600.33               0          36                33        9482595         8680889        9416967         238233705  3328.25 
  katomic_16.in        15               1        169                69  3600.38               0          43                39       13438817        12310646       13369763         292440497  3423.55 
  katomic_17.in        14               2        143                73  3600.48               0          32                27       11849716        11586308       11718765         287119376  3362.72 
  katomic_18.in        12               4        169                90  3600.31               0          46                44       14423826        13872529       14423811         276576189  2836.32 
  katomic_19.in         8               2        195               103  3600.48               0          31                22       51493686        41402695       48755756         702185959  3148.35 
  katomic_20.in         4              16        169                83     3.45              18          18                13           4094            2663           3523             16157     0.03 
  katomic_21.in        16               1        144                32  3600.42               0          27                21       20166518        17622615       19826101         364220698  3387.77 
  katomic_22.in        14               4        169                90  3600.44               0          31                25       11129777        10073066       10933995         288844052  3332.30 
  katomic_23.in         4              32        169                93     4.41              18          18                 8          29421           17046          23559            122020     0.26 
  katomic_24.in        20              10        195               115  3600.48               0          36                33        2970668         2815549        2962110         117376188  2451.64 
  katomic_25.in        10               1        143                73  3600.48               0          35                30       51746940        43238858       50398051         755937617  3234.41 
  katomic_26.in         7               3        169                81  1556.59              36          36                26       36627439        23712155       32045354         258597734  1346.64 
  katomic_27.in        12               1        169                81  3600.47               0          47                43       36151458        34146972       35998303         774949925  3247.29 
  katomic_28.in        12               1        169                73  3600.37               0          38                33       30620053        25934790       29948938         543346717  3299.47 
  katomic_29.in        15               1        169                71  3600.43               0          58                55       20776404        19938718       20762899         437847066  3385.61 
  katomic_30.in        21               1        169                72  3600.35               0          55                54        7453383         7671463        7453382         227503487  3449.02 
  katomic_31.in         8               2        121                54   563.11              29          29                19        9465036         6670671        8786803         106761595   484.60 
  katomic_32.in         9               5         81                25    22.62              19          19                13         169336          143305         165360           2077186    16.63 
  katomic_33.in        10               4        169                72  3600.38               0          49                40       37614941        31850963       35376522         474221886  3211.55 
  katomic_34.in        13               1        169                96  3600.42               0          37                32       25416177        25866264       25145448         664529157  3295.45 
  katomic_35.in        10               1         99                47  3600.34               0          35                27       52173020        41318981       49869830         644645729  3266.02 
  katomic_36.in         3              21        143                52     6.04               9           9                 4            473             324            424              2482     0.01 
  katomic_37.in        24               1        225               134  3600.44               0          56                53        3876152         3901358        3867615         187099985  3475.47 
  katomic_38.in         9               1        169                89  3600.33               0          34                24       61782714        48141681       57529428         716890467  3194.72 
  katomic_39.in        17               1        169                77  3600.38               0          49                45       14897561        14028965       14829810         388797750  3393.63 
  katomic_40.in        16               1        121                61  3600.29               0          59                53       18096136        15806983       17730671         368451466  3379.24 
  katomic_41.in        15               4        169                81  3600.30               0          34                30        8910483         8303507        8858726         235459634  3264.71 
  katomic_42.in        12               1        121                51  3600.43               0          34                29       30372655        25672487       29725076         502769953  3288.30 
  katomic_43.in        26               1        169                86  3600.43               0          65                64        4348004         4635192        4348003         201087943  3474.08 
  katomic_44.in        21               1        156                65  3600.31               0          52                50        6520531         6921195        6509085         203707689  3469.10 
  katomic_45.in        14               1        156                63  3600.36               0          41                38       20538950        19471202       20504565         501646264  3360.75 
  katomic_46.in         7               3        143                53    15.23              24          24                19         173080          134464         163237           1495352     8.81 
  katomic_47.in        11               1        121                60    15.15              29          29                27          90038           86766          89869           2104144    10.47 
  katomic_48.in        17               1        169                79  3600.34               0          59                56        8737536         8435163        8732783         245783020  3459.66 
  katomic_49.in        18               1        143                71  3600.46               0          46                43       15199425        14111230       15132642         409430873  3376.39 
  katomic_50.in        17               2        121                61  3600.48               0          43                37       11147301        10191275       11063799         225408288  3341.33 
  katomic_51.in        16               1        169                82  3600.41               0          40                36       12998587        11962451       12927821         299578208  3420.53 
  katomic_52.in        19               1        169                84  3600.48               0          54                52       11017743        10724786       11005093         317618017  3427.61 
  katomic_53.in        16               2         63                35  3600.48               0          26                21        8393179         7591942        8317946         229558935  3325.78 
  katomic_54.in        16               1        169                81  3600.32               0          36                31       17606166        16084921       17486035         445878452  3371.32 
  katomic_55.in        15               1        169                83  3600.34               0          48                44       18871974        17526376       18738551         425231403  3356.04 
  katomic_56.in        15               1        169                79  3600.29               0          50                45       19102261        17646128       19011877         441756959  3362.85 
  katomic_57.in         5               3        132                45     4.79              21          21                16          34213           24589          31793            209825     0.91 
  katomic_58.in         6               3        121                60     4.23              17          17                14           4743            4060           4684             50124     0.18 
  katomic_59.in        16               4        121                49  3600.33               0          27                22        8492149         7851913        8450913         279423094  3361.47 
  katomic_60.in         7               4        121                54     7.53              19          19                15          37522           30991          36532            411843     1.98 
  katomic_61.in        10               2        117                58  3600.48               0          53                48       38917759        32073051       37865674         483601265  3275.29 
  katomic_62.in        12               1        225                96  3600.31               0          51                46       31203935        28537698       30857687         567590002  3302.41 
  katomic_63.in        12               2        143                70  3600.33               0          41                33       24738500        19436005       23666022         344528489  3296.17 
  katomic_64.in        16               2        195                98  3600.39               0          53                50       11088896        10520535       11051849         256011609  3321.67 
  katomic_65.in        17               1         81                25  3600.47               0          31                26       27367575        22979985       26796247         377947512  3399.65 
  katomic_66.in        11               1        169                78  3600.29               0          32                26       30341703        27618155       29674584         573315561  3293.84 
  katomic_67.in        12               2        121                54  3600.48               0          32                25       27895708        23598280       27287459         418689228  3271.34 
  marbles_01.in         4               2         64                21     5.54              11          11                 6           1002             640            842              4027     0.01 
  marbles_02.in         5               5         90                38     5.71              15          15                10          17841           13466          16801            121682     0.47 
  marbles_03.in         4               5         99                39     3.67              22          22                10          68297           35085          47665            184075     0.31 
  marbles_04.in         3              18        100                49     4.58              22          22                 5           4021            1935           2588              8407     0.02 
  marbles_05.in         5               2         81                34     6.76              25          25                14          69181           39829          54465            269502     0.88 
  marbles_06.in         5               3        120                41     3.87              14          14                12           1056             923           1017              7411     0.03 
  marbles_08.in         6               3        100                48    79.75              23          23                12        3491229         2228736        2896853          17395929    60.37 
  marbles_10.in        16               1         48                20     4.53              24          24                16          18227           13971          17250            114286     1.14 
  marbles_11.in         8               1        169                59   859.93              28          28                19       24634361        17009429       22669021         200971732   702.65 
  marbles_12.in         6               3         84                40   435.94              28          28                13       20610453        10863853       16295412          99322620   342.04 
  marbles_13.in         3               3         64                27     6.24              18          18                 6           6601            3305           3777             11288     0.02 
  marbles_14.in         6               1        110                27     5.30              22          22                16          34965           20982          27870            118049     0.21 
  marbles_15.in        12               1        169                62  3600.35               0          36                31       12791054        12139654       12538804         221592777  3068.83 
  marbles_20.in        32               1         64                36  3600.36               0          36                28        9620863         7314966        9088905          74598719  3081.98 
 unitopia_01.in         3              41        128                68     4.63              11          11                 8            195             141            162               767     0.00 
 unitopia_02.in         4               5        128                62     4.64              22          22                14          77005           46962          62347            300575     0.65 
 unitopia_03.in         5              12        128                56     4.29              16          16                13           2452            1925           2316             17489     0.07 
 unitopia_04.in         6               5        128                59     6.04              20          20                18           8536            7522           8317             75178     0.24 
 unitopia_05.in         6               7        128                68    13.03              20          20                13         247961          180019         232037           2162866     7.45 
 unitopia_06.in         9               2        128                61  3600.29               0          30                24       29135484        24808612       28335411         400283011  3278.92 
 unitopia_07.in        10               1        128                60  3600.49               0          35                27       62401858        49304623       60132352         775855190  3216.09 
 unitopia_08.in         7               4        128                59    51.44              23          23                17         795274          623333         758941           8118210    40.50 
 unitopia_09.in        12               2        128                60  3600.31               0          43                39       25357221        22564540       25025014         372604304  3269.86 
 unitopia_10.in         8               2        128                57  3600.37               0          40                29       75377751        51776705       69039172         616076350  3146.67 
