           Name  NumAtoms  NumFinalStates  BoardSize  NumFreePositions     Time  SolutionLength  LowerBound  InitialHeuristic  NodesExpanded  NodesGenerated  NodesReOpened  CallsToHeuristic  PDBTime 
   15-puzzle.in        15               1         36                16     6.05              34          34                 8         908865          607963         659204           1701636     0.30 
  adrienl_01.in         7              26        198               122   158.17              20          20                13        1274140          928817        1196960          13866097    39.17 
  adrienl_02.in         8               7        198               108  3600.51               0          32                22      157382353       119094904      148836075        1885331051  1788.46 
  adrienl_03.in         7              43        198               133  2954.28              22          22                10       36341623        25300730       33427064         407130428  1271.97 
  adrienl_04.in         9               1        144                68  2066.28               0          35                24      385394475       274055130      356411480        3294942671   416.97 
  adrienl_05.in         4              64        198               131   103.09              12          12                 7          19059           14272          17703            153260     1.03 
   adrien_01.in         3              54        144                77    37.83               7           7                 6             11              11             11                57     0.00 
   adrien_02.in         5              13        144                81    18.93              17          17                10         289715          202241         265739           2409832     3.57 
   adrien_03.in         6              31        144                75    41.54              12          12                 9           1119             947           1103             14544     0.06 
   adrien_04.in        10              16        198               119  3600.48               0          25                18       42162004        36955888       41166241         834550784  1887.47 
   adrien_05.in        10              13        180               108  3600.49               0          27                22       47211455        43808976       46610819         902117709  1947.77 
   adrien_06.in         6              15        144                81    26.92              15          15                11          29828           24771          29129            379812     0.73 
   atomix_01.in         3              17        110                45     5.15              13          13                 8            571             320            433              1617     0.00 
   atomix_02.in         5               6        154                61     4.61              21          21                17           8101            5988           7524             49666     0.03 
   atomix_03.in         6               4        169                65     5.89              16          16                12          19375           15946          18982            228791     0.10 
   atomix_04.in         6               2        143                60    24.74              23          23                15        3419256         2383947        3174230          30293175     6.95 
   atomix_05.in         9               2        182                80  3428.61               0          38                28      351523021       268325981      333974196        4399372621  1150.45 
   atomix_06.in         8               4         36                16     3.40              13          13                12            132             124            132              1345     0.00 
   atomix_07.in         9               1        169                79   240.07              27          27                19       33328812        25731123       32014635         463612306    55.25 
   atomix_08.in        12               1        156                81  3600.47               0          35                30      288779599       250322843      285989399        6064649460   869.74 
   atomix_09.in         7               1        110                49     7.02              20          20                11         682548          472307         630664           6966194     0.71 
   atomix_10.in        10               2        156                82  3600.52               0          30                23      271269909       221149261      262909021        4522737262  1227.87 
   atomix_11.in         5              14        169                83    12.10              14          14                10           1500            1214           1449             12622     0.02 
   atomix_12.in         9               4         36                16     4.01              14          14                12            141             137            141              1550     0.00 
   atomix_13.in         8               1        110                49     5.44              28          28                24         290146          232658         282213           3705500     0.39 
   atomix_14.in        12               1        168                94  3600.51               0          36                31      280550000       250836537      278595276        6232341291   899.21 
   atomix_15.in        12               1        156                89  3600.47               0          37                32      275560598       244087637      272614513        6170351139   981.31 
   atomix_16.in         9               2        156                73  2137.41              29          29                20      201974535       156982544      193556809        2717614605   720.84 
   atomix_17.in        15               1        168                90  3600.50               0          37                32      123645958       114144205      123284696        3604745970   674.74 
   atomix_18.in         8               4         36                16     3.55              13          13                10            624             537            617              6757     0.00 
   atomix_19.in        15               1        156                65  3600.48               0          30                24      244051349       227811699      241330398        5463749211  1008.61 
   atomix_20.in        14               1        143                68    57.17              29          29                25        3560214         3237176        3541215          84891595    14.59 
   atomix_21.in        12               2        182               108  3600.45               0          32                27      113192750       102071346      112622764        2599580153   822.93 
   atomix_22.in         8               3        182                85   749.85              27          27                18       57778554        43667238       55085585         757155908   298.83 
   atomix_23.in         4              20        168                82    15.57              10          10                 8            170             158            163              1200     0.00 
   atomix_24.in        16               1        100                32  3600.51               0          31                24      240488402       212765527      238491796        4738315445   885.38 
   atomix_25.in        14               2        182               101  3600.51               0          37                31      136783665       139228988      135200565        3845858724  1446.59 
   atomix_26.in         4              17        182               102    25.60              14          14                 7          10934            7318           9922             69024     0.15 
   atomix_27.in        20               1        182                84  3600.49               0          46                43       64436553        61645068       64384721        2483422097   625.53 
   atomix_28.in        10               1        132                65    84.21              29          29                21       10407184         8059469        9995612         160530700    20.17 
   atomix_29.in         8               2        182                79     6.99              22          22                18          97486           82251          95781           1509885     0.36 
   atomix_30.in         8               4         36                16     3.40              13          13                10            624             537            617              6757     0.00 
      kai_01.in         3               9        100                39     4.30               9           9                 4            221             160            207               951     0.00 
      kai_02.in         5               2        132                54     3.79              24          24                16         115081           75541         102816            714053     0.14 
      kai_03.in         6               4        169                65     6.12              16          16                12          13828           11548          13586            166972     0.07 
      kai_05.in         8               2        132                67   254.18              27          27                18       28805159        21181521       27181464         329019922    83.09 
      kai_06.in         4              16        143                72    10.28              14          14                 9           4634            3283           4272             30207     0.05 
      kai_07.in        12               1        156                81  3600.50               0          34                29      307685811       261695436      302706608        6192536650   887.27 
      kai_08.in        12               1        169                72  3567.37               0          37                32      304925050       272130363      303018405        6132289011   900.60 
      kai_09.in        10               1        180                78  3026.26               0          36                29      336276302       272257642      326936593        5571714104   735.79 
      kai_11.in         5               7        132                52     4.31              15          15                11           5353            4277           5181             43563     0.03 
      kai_12.in        15               1        182                97  3600.51               0          37                32      184039680       168545112      183316015        6002678531  1120.20 
      kai_14.in        14               2        182                76  3600.51               0          42                38      141104751       130008781      140526930        3347338878  1226.15 
      kai_17.in         8               3        169                80     9.49              23          23                19         167866          148724         166410           2901098     1.07 
      kai_18.in        12               1        182                89  3600.49               0          36                30      276595058       249633975      273590258        6909744928   989.84 
      kai_19.in         4              21        156                73    13.98              19          19                13          27077           16719          22536            126027     0.32 
      kai_20.in        12               1        196                90  3543.43               0          39                33      298518423       269996632      294274112        6200195349   887.89 
      kai_21.in        14               1        225               101  3600.50               0          43                39      244186181       220737017      242845815        5538731190   947.14 
      kai_22.in        12               1        169                85  3600.51               0          35                29      313498891       269773816      308240497        6171491620   873.03 
      kai_24.in        14               1        210                79  3600.51               0          41                37      218160719       203775053      217565578        5599063334   996.71 
      kai_25.in        14               1        210                95  3600.49               0          35                28      213062360       186555587      210290520        5848078345  1079.98 
      kai_27.in        19               1        225               112  3600.50               0          61                58      101948301        99090356      101914496        4170711155   951.95 
      kai_28.in        16               1        225               106  3600.49               0          47                43      187377009       173152596      186529940        6062009664  1123.86 
      kai_29.in        21               1        210                87  3600.46               0          64                61      105004195       100851655      104922213        3859498245   945.03 
  katomic_01.in         3              23         99                49     6.55              15          15                 8            795             422            588              2068     0.01 
  katomic_02.in         5              10        143                64     7.13              27          27                18         126736           73673         107174            659801     0.70 
  katomic_03.in         6               4        156                66     7.69              20          20                14         209052          160441         199875           1980096     0.89 
  katomic_04.in         6               8        121                45     6.31              23          23                15         141657           95544         128790            916996     0.85 
  katomic_05.in         9               2        132                52    17.31              27          27                21        1452605         1219776        1423701          19101747     5.00 
  katomic_06.in         9               1        144                50   176.40              27          27                15       28745266        19594910       26471341         318902374    38.31 
  katomic_07.in        12               8        169                68   470.13              24          24                18        8062379         7013320        7975468         160650747   225.26 
  katomic_08.in         7               1        121                61   186.46              26          26                14       40741712        28158153       37514306         345460539    37.96 
  katomic_09.in        10               1        169                81   256.62              32          32                24       31302903        25629401       30520293         512055123    65.76 
  katomic_10.in         5               8        169                84     8.02              19          19                16            949             756            919              6728     0.01 
  katomic_11.in         8               4        121                71    95.79              23          23                17        5047568         4370369        4920115          78708040    40.70 
  katomic_12.in        12               8        169                93  3600.48               0          36                28       81206123        71368872       78446108        1316263386  1733.06 
  katomic_13.in        12               1        169                87  3600.47               0          42                38      299023621       262350780      295760082        6184613862   881.62 
  katomic_14.in         9               1        169                85   561.99              29          29                20       84231438        61439922       79658622        1041948066   124.62 
  katomic_15.in        15               1        169                87  3600.51               0          36                31      134077520       120194558      133260570        3325510492   632.37 
  katomic_16.in        15               1        169                69  3600.51               0          44                39      242064232       219276110      240804741        5483054666   994.22 
  katomic_17.in        14               2        143                73  3600.50               0          34                27      150908757       133367677      149842697        3584392956  1443.70 
  katomic_18.in        12               4        169                90  1424.54              47          47                44       25314991        24457882       25309968         501333688   321.30 
  katomic_19.in         8               2        195               103  1000.79              32          32                22      100653060        74185536       95210837        1348393943   336.22 
  katomic_20.in         4              16        169                83    12.06              18          18                13           3844            2497           3331             16595     0.03 
  katomic_21.in        16               1        144                32  3600.49               0          27                20      252517457       210113698      248305982        4545412653   933.14 
  katomic_22.in        14               4        169                90  3600.48               0          32                26       84126138        72603252       83446979        2083137974  1822.19 
  katomic_23.in         4              32        169                93    32.67              18          18                 8          24945           13969          20148            105002     0.43 
  katomic_24.in        20              10        195               115  3600.49               0          36                33        7808649         7458952        7796100         306442765   511.78 
  katomic_25.in        10               1        143                73  2791.33               0          36                29      331556562       274094143      322846783        4860940990   644.96 
  katomic_26.in         7               3        169                81   180.38              36          36                27       23431222        15110438       20963836         177964082    65.44 
  katomic_27.in        12               1        169                81  3600.51               0          48                43      296899243       271584159      295256398        6271175970   892.45 
  katomic_28.in        12               1        169                73  3504.09               0          38                32      326691408       272130363      318228400        5948943169   848.61 
  katomic_29.in        15               1        169                71  3540.90               0          57                54      260711091       245523625      260236558        5489963146   970.23 
  katomic_30.in        21               1        169                72  3600.51               0          53                51      122482498       117303253      122406611        3775638317   954.93 
  katomic_31.in         8               2        121                54    40.04              29          29                20        4529689         3296614        4251785          53984481    12.68 
  katomic_32.in         9               5         81                25     5.34              19          19                14         101085           87778          99850           1310432     0.89 
  katomic_33.in        10               4        169                72  3600.50               0          52                43      204451200       153827592      201278566        2582015054  1518.57 
  katomic_34.in        13               1        169                96  3600.49               0          38                32      224385328       213298604      222190881        5831039851   925.25 
  katomic_35.in        10               1         99                47  2520.34               0          35                28      358135167       275328190      338923555        4391123502   551.69 
  katomic_36.in         3              21        143                52     6.91               9           9                 4            396             269            355              2077     0.01 
  katomic_37.in        24               1        225               134  3600.48               0          56                52       77154968        75910470       77135432        3717082392   974.78 
  katomic_38.in         9               1        169                89  2485.01               0          35                22      369041401       272892503      346279069        4473542145   555.53 
  katomic_39.in        17               1        169                77  3600.52               0          48                43      225044796       208370832      224248665        5955894709  1184.69 
  katomic_40.in        16               1        121                61  3600.50               0          59                52      233811255       202023242      228660681        4683473602   833.72 
  katomic_41.in        15               4        169                81  3600.49               0          35                30       70114352        62997035       69630671        1855234093  1539.07 
  katomic_42.in        12               1        121                51  3600.52               0          36                29      289934355       238809846      282648610        4737872577   687.41 
  katomic_43.in        26               1        169                86  3600.48               0          65                63       77167347        75910501       77167297        3287771692   970.46 
  katomic_44.in        21               1        156                65  3600.50               0          51                47      127134111       118526885      126355803        3802349670   953.07 
  katomic_45.in        14               1        156                63  3557.00               0          41                37      267457379       246949168      266085779        6404576576  1075.81 
  katomic_46.in         7               3        143                53     5.67              24          24                19         153859          119450         146565           1437115     0.49 
  katomic_47.in        11               1        121                60     5.46              29          29                27          42837           40909          42835           1015720     0.13 
  katomic_48.in        17               1        169                79  3600.48               0          58                54      177662001       171075631      177354292        5076522051  1083.61 
  katomic_49.in        18               1        143                71  3600.48               0          47                42      159954987       149317954      159326828        4554110078   947.39 
  katomic_50.in        17               2        121                61  3600.49               0          43                36      119557013       108687557      118661704        2722963566  1175.64 
  katomic_51.in        16               1        169                82  3600.52               0          40                35      213657791       192168096      212973176        5281259603  1064.76 
  katomic_52.in        19               1        169                84  3600.52               0          55                52      135834453       130560802      135739261        4136183318   902.48 
  katomic_53.in        16               2         63                35  3600.51               0          27                20      111152961       100814852      110154183        2809899251  1270.09 
  katomic_54.in        16               1        169                81  3600.52               0          37                31      234637253       214289096      232870681        6083716064  1164.85 
  katomic_55.in        15               1        169                83  3600.51               0          49                44      217725240       198592533      216673945        5062849745   890.09 
  katomic_56.in        15               1        169                79  3600.53               0          51                45      215292684       196609480      214156916        5049754113   863.60 
  katomic_57.in         5               3        132                45     3.51              21          21                16          27750           19875          25961            179298     0.05 
  katomic_58.in         6               3        121                60     4.73              17          17                13          14991           11759          14491            156819     0.05 
  katomic_59.in        16               4        121                49  3600.51               0          27                22       72897467        65533797       72263798        2317545970  1946.60 
  katomic_60.in         7               4        121                54     5.30              19          19                15          33785           27748          32883            378745     0.17 
  katomic_61.in        10               2        117                58  3600.51               0          55                48      354804067       271232921      341657143        4507131551  1191.74 
  katomic_62.in        12               1        225                96  3251.90               0          52                46      299693364       266948403      296865448        5597897257   810.70 
  katomic_63.in        12               2        143                70  3600.51               0          42                33      283145622       229079020      270450678        4117395143  1213.32 
  katomic_64.in        16               2        195                98  3600.51               0          54                50      134581700       125379705      133957302        3097992859  1336.00 
  katomic_65.in        17               1         81                25   421.60              32          32                26       46799356        39417303       45859759         657069413   126.01 
  katomic_66.in        11               1        169                78  3464.70               0          33                26      320670809       272892495      313289678        6043759074   855.02 
  katomic_67.in        12               2        121                54  3600.49               0          33                25      249041408       209936358      243793860        3985365769  1211.02 
  marbles_01.in         4               2         64                21     3.98              11          11                 7            569             366            487              2303     0.00 
  marbles_02.in         5               5         90                38     4.02              15          15                10          12203            9267          11499             85488     0.04 
  marbles_03.in         4               5         99                39     4.12              22          22                10          61328           30956          43934            170711     0.09 
  marbles_04.in         3              18        100                49     5.85              22          22                 5           3976            1902           2567              8372     0.02 
  marbles_05.in         5               2         81                34     4.20              25          25                15          59336           33524          47167            236828     0.05 
  marbles_06.in         5               3        120                41     3.88              14          14                12            773             662            763              5685     0.00 
  marbles_08.in         6               3        100                48    18.03              23          23                12        2559983         1628876        2174828          13233574     4.72 
  marbles_10.in        16               1         48                20     4.88              24          24                16          14564           11007          14006             91097     0.02 
  marbles_11.in         8               1        169                59   165.28              28          28                19       25113128        17301829       23230710         215163276    25.75 
  marbles_12.in         6               3         84                40   104.88              28          28                13       17215095         9055655       13735954          84200204    31.40 
  marbles_13.in         3               3         64                27     4.10              18          18                 6           6630            3288           3881             11562     0.00 
  marbles_14.in         6               1        110                27     3.33              22          22                17          18397           11458          15634             67977     0.01 
  marbles_15.in        12               1        169                62  3600.50               0          37                31      115717322        98752377      113197158        1924610617   300.21 
  marbles_20.in        32               1         64                36  3600.52               0          37                28       66801922        50604090       63250301         516273138   181.36 
 unitopia_01.in         3              41        128                68    19.58              11          11                 9             97              80             93               433     0.00 
 unitopia_02.in         4               5        128                62     4.77              22          22                14          61767           37527          51176            254261     0.13 
 unitopia_03.in         5              12        128                56     5.47              16          16                14            914             832            906              7574     0.01 
 unitopia_04.in         6               5        128                59     5.45              20          20                19           2577            2311           2569             24185     0.01 
 unitopia_05.in         6               7        128                68    11.90              20          20                13         224287          163098         210244           2029780     1.63 
 unitopia_06.in         9               2        128                61   325.76              31          31                24       29930889        24372700       29140708         421758830   111.98 
 unitopia_07.in        10               1        128                60  1824.63              36          36                27      253887949       193858290      242626019        3176087901   418.12 
 unitopia_08.in         7               4        128                59    15.22              23          23                17         894404          690689         854731           9267634     4.33 
 unitopia_09.in        12               2        128                60  3600.49               0          44                39      261974988       226139929      257485950        4004161989  1181.03 
 unitopia_10.in         8               2        128                57  1263.93              41          41                29      197119722       130615044      178572572        1635641849   395.27 
