           Name  NumAtoms  NumFinalStates  BoardSize  NumFreePositions     Time  SolutionLength  LowerBound  InitialHeuristic  NodesExpanded  NodesGenerated  NodesReOpened  CallsToHeuristic  PDBTime 
   15-puzzle.in        15               1         36                16     5.11              34          34                 8         909905          608230         659646           1701099     0.27 
  adrienl_01.in         7              26        198               122   142.29              20          20                13        1274226          928944        1196787          13636355    33.00 
  adrienl_02.in         8               7        198               108  3600.54               0          32                22      180443891       135093726      169512747        2079158509  1759.37 
  adrienl_03.in         7              43        198               133  2873.53              22          22                10       36361926        25345443       33400228         401616744  1184.84 
  adrienl_04.in         9               1        144                68  1736.94               0          35                24      390530389       274055130      349727474        3052605322   343.32 
  adrienl_05.in         4              64        198               131    97.43              12          12                 7          19107           14357          17528            151621     0.87 
   adrien_01.in         3              54        144                77    34.85               7           7                 6             11              11             11                57     0.00 
   adrien_02.in         5              13        144                81    17.21              17          17                10         289402          202641         262779           2356079     3.11 
   adrien_03.in         6              31        144                75    38.60              12          12                 9           1119             947           1103             14570     0.06 
   adrien_04.in        10              16        198               119  3600.54               0          25                18       46558021        39024891       45366620         918623045  1867.40 
   adrien_05.in        10              13        180               108  3600.52               0          27                22       53502421        46978336       52805466        1004153306  1901.33 
   adrien_06.in         6              15        144                81    25.37              15          15                11          32401           27102          31695            410850     0.70 
   atomix_01.in         3              17        110                45     4.62              13          13                 8            573             325            426              1543     0.00 
   atomix_02.in         5               6        154                61     4.41              21          21                17           8016            5980           7276             46125     0.03 
   atomix_03.in         6               4        169                65     5.60              16          16                12          19375           15947          18976            224602     0.09 
   atomix_04.in         6               2        143                60    20.99              23          23                15        3415819         2383964        3162016          29310661     5.80 
   atomix_05.in         9               2        182                80  3325.49               0          38                28      392064317       299893748      371194728        4785433419  1118.84 
   atomix_06.in         8               4         36                16     2.85              13          13                12            152             141            152              1515     0.00 
   atomix_07.in         9               1        169                79   230.29              27          27                19       33327721        25731123       32001300         453772951    45.98 
   atomix_08.in        12               1        156                81  3426.70               0          35                30      315091632       272943832      310797601        6350318173   819.98 
   atomix_09.in         7               1        110                49     6.07              20          20                11         757084          556342         696867           7579684     0.76 
   atomix_10.in        10               2        156                82  3600.51               0          30                23      314751369       257422366      303824043        5072167858  1230.91 
   atomix_11.in         5              14        169                83    11.38              14          14                10           1547            1260           1495             12856     0.02 
   atomix_12.in         9               4         36                16     2.77              14          14                12            150             145            150              1612     0.00 
   atomix_13.in         8               1        110                49     4.46              28          28                24         290194          232701         282261           3526406     0.34 
   atomix_14.in        12               1        168                94  3393.91               0          36                31      304225083       272197608      300663311        6456789453   835.91 
   atomix_15.in        12               1        156                89  3471.71               0          37                32      311199653       272943832      306677621        6682301280   862.70 
   atomix_16.in         9               2        156                73  2041.54              29          29                20      201900267       156982540      193150023        2605375284   603.02 
   atomix_17.in        15               1        168                90  3600.54               0          37                32      134021570       124313723      133584962        3879789285   656.04 
   atomix_18.in         8               4         36                16     2.98              13          13                10            624             537            617              6705     0.00 
   atomix_19.in        15               1        156                65  3600.55               0          30                24      270615690       239373186      267480372        6016960377  1033.07 
   atomix_20.in        14               1        143                68    50.46              29          29                25        3560098         3237176        3541076          83118976    13.30 
   atomix_21.in        12               2        182               108  3600.54               0          32                27      124262240       112064168      123626178        2829542890   793.81 
   atomix_22.in         8               3        182                85   637.83              27          27                18       57776100        43667647       55063445         734169400   253.88 
   atomix_23.in         4              20        168                82    14.38              10          10                 8            189             179            182              1358     0.00 
   atomix_24.in        16               1        100                32  3600.55               0          31                24      266166791       233133296      263421670        5135219992   905.47 
   atomix_25.in        14               2        182               101  3600.55               0          37                31      152745434       141105825      151157446        4256474356  1450.49 
   atomix_26.in         4              17        182               102    22.55              14          14                 7          11016            7401           9976             68498     0.14 
   atomix_27.in        20               1        182                84  3600.54               0          46                43       70570100        67038973       70505689        2686913143   615.81 
   atomix_28.in        10               1        132                65    73.60              29          29                21       10407159         8059466        9995169         158135221    18.40 
   atomix_29.in         8               2        182                79     5.83              22          22                18          97497           82268          95791           1499418     0.33 
   atomix_30.in         8               4         36                16     2.88              13          13                10            624             537            617              6705     0.00 
      kai_01.in         3               9        100                39     3.67               9           9                 4            183             131            166               773     0.00 
      kai_02.in         5               2        132                54     3.63              24          24                16         120806           81332         107315            721344     0.13 
      kai_03.in         6               4        169                65     5.46              16          16                12          13828           11549          13585            163780     0.07 
      kai_05.in         8               2        132                67   216.09              27          27                18       28765340        21182100       27031310         317343249    72.26 
      kai_06.in         4              16        143                72     9.36              14          14                 9           4604            3273           4211             29159     0.05 
      kai_07.in        12               1        156                81  3341.37               0          34                29      319549149       272943832      313033114        6255309629   816.37 
      kai_08.in        12               1        169                72  3061.79               0          37                32      305601319       272130363      303220181        5966246705   771.48 
      kai_09.in        10               1        180                78  2607.08               0          36                29      339101959       272257642      328184190        5398321872   639.60 
      kai_11.in         5               7        132                52     4.06              15          15                11           5531            4381           5354             44127     0.03 
      kai_12.in        15               1        182                97  3600.53               0          37                32      197486821       181462784      196672379        6361936017  1122.17 
      kai_14.in        14               2        182                76  3600.52               0          42                38      158634191       147026469      157734739        3649234978  1231.97 
      kai_17.in         8               3        169                80     8.57              23          23                19         167866          148724         166315           2845984     0.95 
      kai_18.in        12               1        182                89  3531.30               0          36                30      306162396       271181606      302629296        7538351460   969.51 
      kai_19.in         4              21        156                73    12.82              19          19                13          26358           16702          21319            116477     0.26 
      kai_20.in        12               1        196                90  3086.08               0          39                33      295575742       269996632      290450343        5962654666   777.26 
      kai_21.in        14               1        225               101  3444.06               0          43                39      267346176       241524733      265005389        5737247025   888.51 
      kai_22.in        12               1        169                85  3196.02               0          35                29      313325523       272130363      307621099        6019007968   789.71 
      kai_24.in        14               1        210                79  3600.55               0          41                37      252468398       236043962      251662713        6243762677  1023.34 
      kai_25.in        14               1        210                95  3600.54               0          35                28      226917688       202540356      223493206        6142774329  1091.31 
      kai_27.in        19               1        225               112  3600.54               0          61                58      110967926       107905799      110934145        4485066557   938.22 
      kai_28.in        16               1        225               106  3600.54               0          47                43      209421854       194462439      208334256        6769322325  1152.12 
      kai_29.in        21               1        210                87  3600.36               0          64                61      114427007       109880652      114344061        4126257732   946.77 
  katomic_01.in         3              23         99                49     5.77              15          15                 8            805             436            592              2020     0.00 
  katomic_02.in         5              10        143                64     6.68              27          27                18         125846           73716         105104            626727     0.64 
  katomic_03.in         6               4        156                66     7.24              20          20                14         208823          160442         199096           1907563     0.77 
  katomic_04.in         6               8        121                45     5.70              23          23                15         141930           95878         128367            890780     0.73 
  katomic_05.in         9               2        132                52    15.16              27          27                21        1452378         1219785        1422501          18808513     4.43 
  katomic_06.in         9               1        144                50   148.46              27          27                15       28745065        19594921       26469803         313131856    34.21 
  katomic_07.in        12               8        169                68   443.40              24          24                18        8545770         7500421        8450333         167658546   209.53 
  katomic_08.in         7               1        121                61   157.39              26          26                14       40737039        28216598       37374983         337447807    33.04 
  katomic_09.in        10               1        169                81   220.37              32          32                24       31302889        25630269       30516018         501602810    57.54 
  katomic_10.in         5               8        169                84     7.26              19          19                16            945             754            915              6516     0.01 
  katomic_11.in         8               4        121                71    95.77              23          23                17        5685799         4824965        5548447          88666987    41.36 
  katomic_12.in        12               8        169                93  3600.54               0          36                28       89677511        74616797       86440151        1431907327  1730.42 
  katomic_13.in        12               1        169                87  3157.40               0          42                38      308786272       272130363      304608147        6163124024   789.77 
  katomic_14.in         9               1        169                85   502.82              29          29                20       84221100        61440694       79613946        1006977504   106.79 
  katomic_15.in        15               1        169                87  3600.52               0          36                31      146507362       130473397      145142347        3510564727   627.07 
  katomic_16.in        15               1        169                69  3468.03               0          44                39      270863726       245523625      269430417        5941787871   972.56 
  katomic_17.in        14               2        143                73  3600.54               0          34                27      167609184       148152781      166349983        3899993160  1497.58 
  katomic_18.in        12               4        169                90  1253.27              47          47                44       25313329        24457702       25307634         492543950   283.34 
  katomic_19.in         8               2        195               103   867.91              32          32                22      100652670        74185535       95205290        1309062818   292.22 
  katomic_20.in         4              16        169                83    11.21              18          18                13           3834            2497           3298             15085     0.02 
  katomic_21.in        16               1        144                32  3600.54               0          27                20      286376322       238184948      280983865        5057036114   946.98 
  katomic_22.in        14               4        169                90  3600.40               0          32                26       91620263        77707993       90840648        2231384422  1831.36 
  katomic_23.in         4              32        169                93    29.95              18          18                 8          28881           16758          23126            119737     0.43 
  katomic_24.in        20              10        195               115  3600.54               0          36                33        8470348         7968817        8455229         330558863   513.20 
  katomic_25.in        10               1        143                73  2393.67               0          36                29      336305897       274094143      326212096        4676072238   544.61 
  katomic_26.in         7               3        169                81   144.22              36          36                27       23237772        15110466       20476817         162793115    51.69 
  katomic_27.in        12               1        169                81  3209.01               0          48                43      296080970       272130363      294332316        6059160118   780.61 
  katomic_28.in        12               1        169                73  3057.85               0          38                32      322666212       272130363      312683559        5597463819   718.77 
  katomic_29.in        15               1        169                71  3042.99               0          57                54      260085055       245523625      259393516        5299090078   846.77 
  katomic_30.in        21               1        169                72  3600.54               0          53                51      134323151       128789943      134232845        4009224344   971.06 
  katomic_31.in         8               2        121                54    35.94              29          29                20        4599586         3339492        4321130          53896421    11.78 
  katomic_32.in         9               5         81                25     4.76              19          19                14         108776           95492         107538           1392870     0.87 
  katomic_33.in        10               4        169                72  3600.52               0          52                43      237741824       189481864      233390785        2886244847  1512.26 
  katomic_34.in        13               1        169                96  3600.55               0          38                32      251029342       227436672      248434391        6368775410   925.95 
  katomic_35.in        10               1         99                47  2070.97               0          35                28      362568862       275328190      341208466        4293496398   478.25 
  katomic_36.in         3              21        143                52     6.47               9           9                 4            398             272            357              2081     0.01 
  katomic_37.in        24               1        225               134  3600.54               0          56                52       85180058        82643573       85160465        4035303920   976.45 
  katomic_38.in         9               1        169                89  2082.65               0          35                22      356967179       272892503      329513802        4170165336   463.05 
  katomic_39.in        17               1        169                77  3534.10               0          48                43      241714137       224173731      240270645        6246203632  1195.95 
  katomic_40.in        16               1        121                61  3600.54               0          59                52      263107853       235678600      255910501        5123197222   847.24 
  katomic_41.in        15               4        169                81  3600.51               0          35                30       78918956        71510362       78282264        2011102856  1523.08 
  katomic_42.in        12               1        121                51  3552.36               0          36                29      332599381       274542401      323755076        5241849987   689.77 
  katomic_43.in        26               1        169                86  3600.52               0          65                63       84838925        83392819       84838924        3532922677   981.17 
  katomic_44.in        21               1        156                65  3600.54               0          51                47      138915171       133003464      137795299        4064875860   991.84 
  katomic_45.in        14               1        156                63  3122.11               0          41                37      269558696       246949168      268208535        6327691416   968.88 
  katomic_46.in         7               3        143                53     4.80              24          24                19         153934          119601         146000           1334280     0.41 
  katomic_47.in        11               1        121                60     4.83              29          29                27         104121          100538         103870           2384200     0.29 
  katomic_48.in        17               1        169                79  3600.55               0          58                54      193812513       183488549      193500547        5386403423  1125.22 
  katomic_49.in        18               1        143                71  3600.54               0          47                42      174725117       162051557      174084657        4830599097   940.51 
  katomic_50.in        17               2        121                61  3600.55               0          43                36      136277442       122901637      135352967        3016381299  1188.54 
  katomic_51.in        16               1        169                82  3600.52               0          40                35      245250348       222298093      243898377        5747283028  1049.13 
  katomic_52.in        19               1        169                84  3600.54               0          55                52      151379885       145482600      151284703        4432317628   914.78 
  katomic_53.in        16               2         63                35  3600.53               0          27                20      122030288       105540722      120988614        3055533761  1295.20 
  katomic_54.in        16               1        169                81  3600.54               0          37                31      265784800       241033355      263861797        6771872904  1186.53 
  katomic_55.in        15               1        169                83  3600.54               0          49                44      246029003       223757523      244262132        5410239343   881.04 
  katomic_56.in        15               1        169                79  3600.55               0          51                45      242476761       220876228      241155212        5493744460   873.23 
  katomic_57.in         5               3        132                45     3.27              21          21                16          28379           20454          26397            173384     0.05 
  katomic_58.in         6               3        121                60     4.50              17          17                13          14996           11764          14496            154552     0.05 
  katomic_59.in        16               4        121                49  3600.53               0          27                22       72353536        65249406       71720158        2269137855  1942.20 
  katomic_60.in         7               4        121                54     4.60              19          19                15          35228           28959          34316            385304     0.16 
  katomic_61.in        10               2        117                58  3468.21               0          55                48      400878661       306143563      383557290        4646496933  1094.07 
  katomic_62.in        12               1        225                96  2777.69               0          52                46      298432218       266948403      294372736        5322117350   685.92 
  katomic_63.in        12               2        143                70  3600.55               0          42                33      331689473       261373436      315895850        4623162572  1226.23 
  katomic_64.in        16               2        195                98  3600.53               0          54                50      149980449       138973892      148995167        3310837422  1322.41 
  katomic_65.in        17               1         81                25   372.32              32          32                26       47761475        40124182       46820544         660759489   114.30 
  katomic_66.in        11               1        169                78  2949.75               0          33                26      321834849       272892495      313658120        5885358083   744.88 
  katomic_67.in        12               2        121                54  3600.53               0          33                25      293955388       254953545      287039837        4471820233  1195.39 
  marbles_01.in         4               2         64                21     2.81              11          11                 7            567             366            483              2273     0.00 
  marbles_02.in         5               5         90                38     3.27              15          15                10          12141            9224          11398             83001     0.04 
  marbles_03.in         4               5         99                39     3.30              22          22                10          60670           30956          42820            163091     0.07 
  marbles_04.in         3              18        100                49     5.42              22          22                 5           3931            1897           2521              8162     0.02 
  marbles_05.in         5               2         81                34     3.08              25          25                15          58928           33524          46416            224974     0.04 
  marbles_06.in         5               3        120                41     3.20              14          14                12            556             479            543              3745     0.00 
  marbles_08.in         6               3        100                48    15.16              23          23                12        2545727         1628759        2136096          12714016     3.94 
  marbles_10.in        16               1         48                20     4.15              24          24                16          14564           11007          14006             90524     0.02 
  marbles_11.in         8               1        169                59   135.29              28          28                19       25086606        17301833       23148305         206246688    21.35 
  marbles_12.in         6               3         84                40    84.87              28          28                13       17040089         9054984       13438077          80175424    25.33 
  marbles_13.in         3               3         64                27     3.23              18          18                 6           6518            3288           3735             11168     0.00 
  marbles_14.in         6               1        110                27     2.71              22          22                17          26692           16532          21404             90335     0.01 
  marbles_15.in        12               1        169                62  3600.54               0          37                31      132270677       113236387      128642018        2094868158   286.98 
  marbles_20.in        32               1         64                36  3600.44               0          38                28       71618126        54039907       67640719         545347317   160.29 
 unitopia_01.in         3              41        128                68    17.93              11          11                 9             97              80             87               422     0.00 
 unitopia_02.in         4               5        128                62     4.34              22          22                14          61318           37561          50062            242692     0.11 
 unitopia_03.in         5              12        128                56     5.20              16          16                14           1472            1279           1449             11359     0.01 
 unitopia_04.in         6               5        128                59     5.03              20          20                19           2965            2673           2956             27425     0.01 
 unitopia_05.in         6               7        128                68    10.93              20          20                13         224273          163098         210016           1970756     1.42 
 unitopia_06.in         9               2        128                61   269.04              31          31                24       29928560        24372754       29110867         405392621    93.67 
 unitopia_07.in        10               1        128                60  1729.32              36          36                27      253858202       193858303      242478864        3014812533   353.99 
 unitopia_08.in         7               4        128                59    13.06              23          23                17         892870          690695         847689           8977228     3.74 
 unitopia_09.in        12               2        128                60  3600.54               0          44                39      301778451       259983019      296153818        4395663619  1182.14 
 unitopia_10.in         8               2        128                57  1244.85              41          41                29      196840492       130621213      177621548        1531361271   327.68 
