           Name  NumAtoms  NumFinalStates  BoardSize  NumFreePositions     Time  SolutionLength  LowerBound  InitialHeuristic  NodesExpanded  NodesGenerated  NodesReOpened  CallsToHeuristic  PDBTime 
   15-puzzle.in        15               1         36                16     6.02              34          34                 8         904063          603821         657128           1695675     0.30 
  adrienl_01.in         7              26        198               122   158.28              20          20                13        1274350          928908        1197306          14101201    38.79 
  adrienl_02.in         8               7        198               108  3600.43               0          32                22      154893571       115477122      146871513        1890057671  1789.39 
  adrienl_03.in         7              43        198               133  3055.63              22          22                10       36352476        25298160       33472957         421046779  1327.24 
  adrienl_04.in         9               1        144                68  2063.98               0          35                24      385394471       274055130      356411522        3295010851   411.10 
  adrienl_05.in         4              64        198               131   104.75              12          12                 7          19044           14256          17720            154314     1.04 
   adrien_01.in         3              54        144                77    38.59               7           7                 6             11              11             11                57     0.00 
   adrien_02.in         5              13        144                81    19.39              17          17                10         289905          202189         266689           2464361     3.65 
   adrien_03.in         6              31        144                75    42.92              12          12                 9           1119             947           1103             14544     0.06 
   adrien_04.in        10              16        198               119  3600.51               0          25                18       41507949        34334714       40877981         836845968  1884.29 
   adrien_05.in        10              13        180               108  3600.23               0          27                22       46214770        40287635       45846488         899079296  1947.62 
   adrien_06.in         6              15        144                81    27.36              15          15                11          28464           23409          27865            365261     0.71 
   atomix_01.in         3              17        110                45     5.20              13          13                 8            569             313            441              1669     0.00 
   atomix_02.in         5               6        154                61     4.62              21          21                17           8179            6023           7605             50289     0.03 
   atomix_03.in         6               4        169                65     6.00              16          16                12          19375           15946          18983            230347     0.10 
   atomix_04.in         6               2        143                60    24.80              23          23                15        3419494         2383947        3175181          30588916     7.21 
   atomix_05.in         9               2        182                80  3526.42               0          38                28      355650567       268325981      338588179        4497936876  1170.36 
   atomix_06.in         8               4         36                16     3.40              13          13                12            132             124            132              1345     0.00 
   atomix_07.in         9               1        169                79   249.80              27          27                19       33328879        25731123       32015036         464566515    56.50 
   atomix_08.in        12               1        156                81  3600.30               0          35                30      284749680       246766379      282334204        6038806616   871.89 
   atomix_09.in         7               1        110                49     7.15              20          20                11         671304          459252         620823           7048244     0.73 
   atomix_10.in        10               2        156                82  3600.23               0          30                23      268233917       208883053      261274791        4579024376  1243.39 
   atomix_11.in         5              14        169                83    12.39              14          14                10           1482            1198           1438             12592     0.02 
   atomix_12.in         9               4         36                16     3.58              14          14                12            141             137            141              1565     0.00 
   atomix_13.in         8               1        110                49     5.28              28          28                24         290146          232657         282213           3770062     0.39 
   atomix_14.in        12               1        168                94  3600.23               0          36                31      278081612       249044239      276592726        6232442937   906.41 
   atomix_15.in        12               1        156                89  3600.45               0          37                32      284852104       249668103      282168124        6397538578   914.77 
   atomix_16.in         9               2        156                73  2155.10              29          29                20      201974979       156982543      193561549        2723401699   728.45 
   atomix_17.in        15               1        168                90  3600.22               0          37                32      122475824       112771423      122163005        3575553473   677.64 
   atomix_18.in         8               4         36                16     3.57              13          13                10            624             537            617              6774     0.00 
   atomix_19.in        15               1        156                65  3600.52               0          30                24      243980146       211513178      242047959        5574988952  1017.86 
   atomix_20.in        14               1        143                68    57.71              29          29                25        3560205         3237176        3541206          85456772    14.80 
   atomix_21.in        12               2        182               108  3600.21               0          32                27      111268775        98619831      110857399        2582120200   825.44 
   atomix_22.in         8               3        182                85   748.89              27          27                18       57778124        43666675       55086748         759849564   298.82 
   atomix_23.in         4              20        168                82    15.71              10          10                 8             98              86             96               779     0.00 
   atomix_24.in        16               1        100                32  3600.22               0          31                24      238573399       209987208      237008343        4756237180   903.29 
   atomix_25.in        14               2        182               101  3600.23               0          37                31      133527453       119076518      132673393        3842741503  1477.46 
   atomix_26.in         4              17        182               102    25.45              14          14                 7          10931            7312           9921             69184     0.15 
   atomix_27.in        20               1        182                84  3600.51               0          46                43       65444245        62165075       65406288        2513500523   628.13 
   atomix_28.in        10               1        132                65    82.78              29          29                21       10407235         8059479        9995951         161856469    20.40 
   atomix_29.in         8               2        182                79     6.72              22          22                18          97486           82251          95786           1515917     0.37 
   atomix_30.in         8               4         36                16     3.59              13          13                10            624             537            617              6774     0.00 
      kai_01.in         3               9        100                39     4.30               9           9                 4            219             159            205               948     0.00 
      kai_02.in         5               2        132                54     3.76              24          24                16         114806           75240         102549            712265     0.14 
      kai_03.in         6               4        169                65     6.02              16          16                12          13828           11548          13587            167885     0.07 
      kai_05.in         8               2        132                67   251.97              27          27                18       28805188        21181481       27182492         330734140    83.77 
      kai_06.in         4              16        143                72    10.56              14          14                 9           4634            3283           4282             30560     0.06 
      kai_07.in        12               1        156                81  3600.49               0          34                29      308186843       262245819      303568440        6240796516   893.86 
      kai_08.in        12               1        169                72  3569.11               0          37                32      306118235       272130363      304638524        6206278883   900.80 
      kai_09.in        10               1        180                78  3051.48               0          36                29      339375276       272257642      331520241        5708763275   751.29 
      kai_11.in         5               7        132                52     4.34              15          15                11           5212            4119           5052             42409     0.03 
      kai_12.in        15               1        182                97  3600.52               0          37                32      187504085       170489884      186918499        6133054640  1117.24 
      kai_14.in        14               2        182                76  3600.22               0          42                38      139835457       128498993      139313444        3333718456  1234.37 
      kai_17.in         8               3        169                80     9.91              23          23                19         167866          148724         166410           2902961     1.14 
      kai_18.in        12               1        182                89  3600.51               0          36                30      276418978       244865323      274194821        6951090165   998.86 
      kai_19.in         4              21        156                73    14.17              19          19                13          27267           16774          22766            128566     0.34 
      kai_20.in        12               1        196                90  3600.51               0          39                33      301818641       262893226      298721811        6399360535   915.57 
      kai_21.in        14               1        225               101  3600.23               0          43                39      238620016       215986532      237745635        5558476424   957.99 
      kai_22.in        12               1        169                85  3600.23               0          35                29      310424655       262621251      305800467        6181735604   882.34 
      kai_24.in        14               1        210                79  3600.52               0          41                37      222718676       207172459      222277021        5724647393  1015.82 
      kai_25.in        14               1        210                95  3600.24               0          35                28      210567865       182698534      208013106        5806213410  1085.00 
      kai_27.in        19               1        225               112  3600.22               0          61                58      100694536        97867061      100661094        4123475751   957.16 
      kai_28.in        16               1        225               106  3600.23               0          47                43      186203693       171198906      185508326        6039200464  1129.82 
      kai_29.in        21               1        210                87  3600.32               0          64                61      103810621        99656073      103732462        3820517668   949.35 
  katomic_01.in         3              23         99                49     6.74              15          15                 8            803             422            600              2190     0.01 
  katomic_02.in         5              10        143                64     7.39              27          27                18         126654           73369         107172            666540     0.75 
  katomic_03.in         6               4        156                66     7.83              20          20                14         209052          160441         199880           1989808     0.91 
  katomic_04.in         6               8        121                45     6.31              23          23                15         141590           95342         129043            935143     0.87 
  katomic_05.in         9               2        132                52    17.45              27          27                21        1452770         1219878        1423925          19167558     5.05 
  katomic_06.in         9               1        144                50   176.19              27          27                15       28746722        19594910       26473610         324668729    39.23 
  katomic_07.in        12               8        169                68   466.38              24          24                18        7951730         6904635        7869257         160143134   223.91 
  katomic_08.in         7               1        121                61   184.84              26          26                14       40764691        28164056       37544482         348410133    38.17 
  katomic_09.in        10               1        169                81   257.01              32          32                24       31302907        25629386       30520379         512894277    66.43 
  katomic_10.in         5               8        169                84     8.24              19          19                16            950             755            920              6737     0.01 
  katomic_11.in         8               4        121                71    72.91              23          23                17        3642747         3015252        3561221          58130602    30.53 
  katomic_12.in        12               8        169                93  3600.22               0          36                28       78479059        63295249       76423397        1303037942  1742.37 
  katomic_13.in        12               1        169                87  3600.51               0          42                38      298535094       260415007      295873892        6224838160   890.45 
  katomic_14.in         9               1        169                85   562.50              29          29                20       84233249        61438496       79670263        1054934984   125.67 
  katomic_15.in        15               1        169                87  3600.22               0          36                31      130168837       116304962      129524041        3248076784   635.74 
  katomic_16.in        15               1        169                69  3600.22               0          44                39      241905313       215792006      240945275        5533256967  1002.89 
  katomic_17.in        14               2        143                73  3600.22               0          34                27      148066057       130404535      147066908        3549177625  1461.02 
  katomic_18.in        12               4        169                90  1457.72              47          47                44       25314434        24457651       25309456         501483313   325.03 
  katomic_19.in         8               2        195               103  1015.92              32          32                22      100653183        74185536       95212684        1377414003   345.60 
  katomic_20.in         4              16        169                83    12.33              18          18                13           3842            2494           3332             16768     0.03 
  katomic_21.in        16               1        144                32  3600.24               0          27                20      249447841       206853805      245649862        4514747515   963.48 
  katomic_22.in        14               4        169                90  3600.22               0          32                26       82338301        69448744       81903892        2074088016  1821.26 
  katomic_23.in         4              32        169                93    32.68              18          18                 8          24306           13269          19688            104588     0.42 
  katomic_24.in        20              10        195               115  3600.21               0          36                33        7600502         7162303        7593320         298034848   505.98 
  katomic_25.in        10               1        143                73  2842.15               0          36                29      337401338       274094143      329784342        5049012097   672.89 
  katomic_26.in         7               3        169                81   180.70              36          36                27       23433725        15110435       20972760         179508496    66.06 
  katomic_27.in        12               1        169                81  3600.22               0          48                43      291499208       265013879      289964031        6176090996   929.71 
  katomic_28.in        12               1        169                73  3600.50               0          38                32      333564938       271772932      326213801        6184632265   873.49 
  katomic_29.in        15               1        169                71  3550.87               0          57                54      260707144       245523625      260291556        5482841517   984.25 
  katomic_30.in        21               1        169                72  3600.51               0          53                51      122332786       116914343      122302529        3834085787   966.53 
  katomic_31.in         8               2        121                54    38.67              29          29                20        4370027         3160311        4104480          53131196    12.32 
  katomic_32.in         9               5         81                25     5.33              19          19                14          98931           85411          97754           1288890     0.88 
  katomic_33.in        10               4        169                72  3600.22               0          52                43      201705725       144608489      198951438        2634783949  1530.28 
  katomic_34.in        13               1        169                96  3600.22               0          38                32      223229722       200034585      221884050        5925818357   941.22 
  katomic_35.in        10               1         99                47  2591.82               0          35                28      373876756       275328190      356537945        4688268065   568.61 
  katomic_36.in         3              21        143                52     6.97               9           9                 4            403             271            366              2150     0.01 
  katomic_37.in        24               1        225               134  3600.23               0          56                52       76025035        73375522       76009130        3672545471   974.73 
  katomic_38.in         9               1        169                89  2564.73               0          35                22      381604853       272892503      359404770        4720885634   585.69 
  katomic_39.in        17               1        169                77  3600.24               0          48                43      222489964       205796244      221843125        5906682315  1187.84 
  katomic_40.in        16               1        121                61  3600.48               0          59                52      232565734       194089065      228404245        4726640607   851.39 
  katomic_41.in        15               4        169                81  3600.49               0          35                30       69778191        62324939       69334830        1859104075  1538.25 
  katomic_42.in        12               1        121                51  3600.23               0          36                29      288011023       235270138      281104867        4745995163   688.47 
  katomic_43.in        26               1        169                86  3600.23               0          65                63       77210060        75795183       77210009        3298334702   980.69 
  katomic_44.in        21               1        156                65  3600.45               0          51                47      127228165       114767334      126551890        3839691008   955.17 
  katomic_45.in        14               1        156                63  3592.81               0          41                37      270218891       246949168      269244582        6538690545  1088.30 
  katomic_46.in         7               3        143                53     5.37              24          24                19         153807          119401         146639           1449557     0.49 
  katomic_47.in        11               1        121                60     5.58              29          29                27          37706           35836          37704            898683     0.12 
  katomic_48.in        17               1        169                79  3600.22               0          58                54      175303765       165828669      175131739        5085007098  1085.59 
  katomic_49.in        18               1        143                71  3600.50               0          47                42      160967943       148749683      160539599        4604383003   906.51 
  katomic_50.in        17               2        121                61  3600.22               0          43                36      115157650       102925798      114467525        2701340431  1184.50 
  katomic_51.in        16               1        169                82  3600.49               0          40                35      212800020       190594716      212246729        5306712781  1073.94 
  katomic_52.in        19               1        169                84  3600.23               0          55                52      134151186       128860121      134087660        4108162641   902.48 
  katomic_53.in        16               2         63                35  3600.22               0          27                20      109989716        94486985      109381527        2820548575  1282.11 
  katomic_54.in        16               1        169                81  3600.49               0          37                31      235749057       213394889      234496581        6150882703  1160.51 
  katomic_55.in        15               1        169                83  3600.23               0          49                44      215206362       195948919      214202202        5039342203   895.74 
  katomic_56.in        15               1        169                79  3600.52               0          51                45      211088032       192185302      209999545        4962308005   850.15 
  katomic_57.in         5               3        132                45     3.48              21          21                16          27805           19896          26030            180091     0.05 
  katomic_58.in         6               3        121                60     4.71              17          17                13          14991           11759          14491            157280     0.05 
  katomic_59.in        16               4        121                49  3600.22               0          27                22       72232027        64740668       71635529        2309896755  1951.19 
  katomic_60.in         7               4        121                54     4.97              19          19                15          32437           26543          31583            365122     0.17 
  katomic_61.in        10               2        117                58  3600.23               0          55                48      351743996       267520006      339651623        4508294081  1201.86 
  katomic_62.in        12               1        225                96  3309.57               0          52                46      301675258       266948403      299044346        5655157932   818.89 
  katomic_63.in        12               2        143                70  3600.49               0          42                33      276220194       213363939      266149547        4115089557  1246.43 
  katomic_64.in        16               2        195                98  3600.24               0          54                50      128327685       119096968      128020071        3101643393  1361.19 
  katomic_65.in        17               1         81                25   415.45              32          32                26       46305905        38954724       45389812         651654144   124.73 
  katomic_66.in        11               1        169                78  3592.77               0          33                26      329928025       272892495      324164903        6332584287   896.35 
  katomic_67.in        12               2        121                54  3600.22               0          33                25      247603642       206328894      242595430        3996568882  1205.61 
  marbles_01.in         4               2         64                21     3.87              11          11                 7            570             364            493              2388     0.00 
  marbles_02.in         5               5         90                38     3.69              15          15                10          12238            9281          11535             87568     0.04 
  marbles_03.in         4               5         99                39     4.45              22          22                10          61843           30931          44626            178491     0.09 
  marbles_04.in         3              18        100                49     5.87              22          22                 5           4009            1902           2604              8548     0.02 
  marbles_05.in         5               2         81                34     4.12              25          25                15          59394           33524          47267            241626     0.05 
  marbles_06.in         5               3        120                41     3.54              14          14                12            791             662            781              5864     0.00 
  marbles_08.in         6               3        100                48    18.32              23          23                12        2560508         1628953        2176281          13305056     4.78 
  marbles_10.in        16               1         48                20     4.94              24          24                16          14566           11008          14008             92394     0.02 
  marbles_11.in         8               1        169                59   164.01              28          28                19       25119563        17301762       23241824         219438041    25.76 
  marbles_12.in         6               3         84                40   104.41              28          28                13       17281966         9055209       13838162          87208758    31.64 
  marbles_13.in         3               3         64                27     4.59              18          18                 6           6636            3279           3900             11683     0.00 
  marbles_14.in         6               1        110                27     3.89              22          22                17          18309           11408          15568             67748     0.01 
  marbles_15.in        12               1        169                62  3600.22               0          37                31      114470860        94804056      112268283        1925769814   301.99 
  marbles_20.in        32               1         64                36  3600.50               0          37                28       67462116        51022387       64012958         523982086   189.21 
 unitopia_01.in         3              41        128                68    19.42              11          11                 9             97              80             93               433     0.00 
 unitopia_02.in         4               5        128                62     4.81              22          22                14          61796           37522          51237            255511     0.13 
 unitopia_03.in         5              12        128                56     5.51              16          16                14            658             581            658              5642     0.01 
 unitopia_04.in         6               5        128                59     5.40              20          20                19           2645            2372           2634             24780     0.01 
 unitopia_05.in         6               7        128                68    12.07              20          20                13         224294          163077         210309           2080145     1.69 
 unitopia_06.in         9               2        128                61   324.68              31          31                24       29930050        24369745       29157630         428149702   112.85 
 unitopia_07.in        10               1        128                60  1836.52              36          36                27      253888423       193858290      242629753        3205169230   428.94 
 unitopia_08.in         7               4        128                59    15.21              23          23                17         894483          690689         855269           9321711     4.32 
 unitopia_09.in        12               2        128                60  3600.22               0          44                39      252675341       212563769      249032417        3868143816  1180.07 
 unitopia_10.in         8               2        128                57  1270.74              41          41                29      197112050       130603298      178572386        1646242360   396.19 
