           Name  NumAtoms  NumFinalStates  BoardSize  NumFreePositions     Time  SolutionLength  LowerBound  InitialHeuristic  NodesExpanded  NodesGenerated  NodesReOpened  CallsToHeuristic  PDBTime 
   15-puzzle.in        15               1         36                16     7.60              34          34                 8         904108          603844         657204           1695790     0.29 
  adrienl_01.in         7              26        198               122   159.37              20          20                13        1275555          929776        1198509          14108209    39.05 
  adrienl_02.in         8               7        198               108  3600.26               0          32                22      152668647       114160030      144943799        1869172863  1804.75 
  adrienl_03.in         7              43        198               133  3050.67              22          22                10       36352242        25297927       33472798         421285854  1333.30 
  adrienl_04.in         9               1        144                68  2017.14               0          35                24      385394334       274055130      356411540        3295011102   422.49 
  adrienl_05.in         4              64        198               131   117.58              12          12                 7          19021           14240          17698            154104     1.04 
   adrien_01.in         3              54        144                77    39.05               7           7                 6              9              11              9                49     0.00 
   adrien_02.in         5              13        144                81    19.79              17          17                10         289892          202219         266678           2468461     3.80 
   adrien_03.in         6              31        144                75    42.83              12          12                 9           1119             947           1103             14546     0.06 
   adrien_04.in        10              16        198               119  3600.25               0          25                18       40808055        33940759       40254972         830157113  1904.56 
   adrien_05.in        10              13        180               108  3600.24               0          27                22       46342998        40451946       46003928         905663904  1971.01 
   adrien_06.in         6              15        144                81    27.67              15          15                11          27487           22668          26926            353836     0.72 
   atomix_01.in         3              17        110                45     6.42              13          13                 8            579             320            450              1675     0.00 
   atomix_02.in         5               6        154                61     5.08              21          21                17           8293            6109           7723             51148     0.03 
   atomix_03.in         6               4        169                65     6.33              16          16                12          19375           15946          18983            230250     0.10 
   atomix_04.in         6               2        143                60    26.65              23          23                15        3419527         2383943        3175216          30603826     7.18 
   atomix_05.in         9               2        182                80  3600.51               0          38                28      376222350       284598115      358733889        4787605928  1243.47 
   atomix_06.in         8               4         36                16     4.88              13          13                12            142             135            142              1459     0.00 
   atomix_07.in         9               1        169                79   230.88              27          27                19       33328904        25731138       32015061         464795372    56.19 
   atomix_08.in        12               1        156                81  3600.24               0          35                30      299103830       259134918      296713460        6330635909   936.98 
   atomix_09.in         7               1        110                49     7.34              20          20                11         670877          458913         620479           7054669     0.72 
   atomix_10.in        10               2        156                82  3600.24               0          30                23      273067374       213233766      266255947        4679645840  1288.88 
   atomix_11.in         5              14        169                83    12.64              14          14                10           1482            1198           1438             12604     0.02 
   atomix_12.in         9               4         36                16     4.17              14          14                12            141             137            141              1567     0.00 
   atomix_13.in         8               1        110                49     5.72              28          28                24         290141          232656         282207           3767593     0.43 
   atomix_14.in        12               1        168                94  3600.52               0          36                31      298834892       266635253      297588377        6668090361   946.05 
   atomix_15.in        12               1        156                89  3600.22               0          37                32      303567511       265521265      301324603        6773116842   978.60 
   atomix_16.in         9               2        156                73  1996.31              29          29                20      201974907       156982543      193561477        2723177782   698.55 
   atomix_17.in        15               1        168                90  3600.49               0          37                32      129919855       119829326      129643985        3798159087   707.26 
   atomix_18.in         8               4         36                16     3.61              13          13                10            630             541            623              6827     0.00 
   atomix_19.in        15               1        156                65  3600.23               0          30                24      256833503       223243259      255056776        5903828017  1091.75 
   atomix_20.in        14               1        143                68    53.72              29          29                25        3560094         3237178        3541095          85502292    14.89 
   atomix_21.in        12               2        182               108  3600.48               0          32                27      111348768        98714832      111017880        2586883059   827.67 
   atomix_22.in         8               3        182                85   733.82              27          27                18       57777913        43666588       55086537         759871380   297.66 
   atomix_23.in         4              20        168                82    16.22              10          10                 8             80              76             79               665     0.00 
   atomix_24.in        16               1        100                32  3600.48               0          31                24      256938379       225580359      255591435        5109503819   959.16 
   atomix_25.in        14               2        182               101  3600.24               0          37                31      141322029       125546616      140675267        4063673134  1546.13 
   atomix_26.in         4              17        182               102    25.17              14          14                 7          10995            7356           9987             69558     0.16 
   atomix_27.in        20               1        182                84  3600.24               0          46                43       70051028        66597894       70013626        2693289407   675.05 
   atomix_28.in        10               1        132                65    80.40              29          29                21       10407233         8059479        9995949         161798625    21.03 
   atomix_29.in         8               2        182                79     7.10              22          22                18          97486           82251          95786           1515712     0.37 
   atomix_30.in         8               4         36                16     4.21              13          13                10            630             541            623              6827     0.00 
      kai_01.in         3               9        100                39     4.47               9           9                 4            212             153            198               908     0.00 
      kai_02.in         5               2        132                54     4.53              24          24                16         114761           75207         102504            711806     0.15 
      kai_03.in         6               4        169                65     6.38              16          16                12          13828           11548          13587            167847     0.07 
      kai_05.in         8               2        132                67   249.20              27          27                18       28805145        21181465       27182448         330588700    85.76 
      kai_06.in         4              16        143                72    11.06              14          14                 9           4634            3283           4282             30528     0.06 
      kai_07.in        12               1        156                81  3532.37               0          34                29      321465850       272943832      316314306        6477795399   938.94 
      kai_08.in        12               1        169                72  3359.99               0          37                32      304806638       272130363      303416828        6206197258   908.31 
      kai_09.in        10               1        180                78  2934.59               0          36                29      337229414       272257642      330216991        5709050284   759.29 
      kai_11.in         5               7        132                52     4.77              15          15                11           5167            4090           5009             42029     0.03 
      kai_12.in        15               1        182                97  3600.38               0          37                32      195480346       177731271      194944806        6398388500  1206.00 
      kai_14.in        14               2        182                76  3600.24               0          42                38      141964560       130642706      141459125        3392820941  1253.67 
      kai_17.in         8               3        169                80    10.50              23          23                19         167865          148724         166409           2903979     1.08 
      kai_18.in        12               1        182                89  3600.23               0          36                30      282340618       250143438      280507145        7097957252  1018.13 
      kai_19.in         4              21        156                73    14.70              19          19                13          27393           16876          22893            129506     0.34 
      kai_20.in        12               1        196                90  3572.57               0          39                33      309871641       269996632      306887426        6572890453   945.40 
      kai_21.in        14               1        225               101  3600.24               0          43                39      250743238       227054573      249969467        5874640542  1017.29 
      kai_22.in        12               1        169                85  3600.24               0          35                29      320206499       270987230      315839437        6387305855   927.88 
      kai_24.in        14               1        210                79  3600.23               0          41                37      237477353       220775890      237009757        6090453819  1088.97 
      kai_25.in        14               1        210                95  3600.51               0          35                28      227327065       198116143      224724619        6280574377  1161.06 
      kai_27.in        19               1        225               112  3600.24               0          61                58      106208342       103228254      106174890        4338793545  1005.78 
      kai_28.in        16               1        225               106  3600.24               0          47                43      210578070       176683190      191397966        6236283387  1171.74 
      kai_29.in        21               1        210                87  3600.25               0          64                61      108796323       104426975      108717210        3996593276   991.05 
  katomic_01.in         3              23         99                49     6.93              15          15                 8            807             422            604              2198     0.01 
  katomic_02.in         5              10        143                64     7.78              27          27                18         126792           73458         107310            667893     0.74 
  katomic_03.in         6               4        156                66     8.28              20          20                14         209059          160445         199887           1989059     0.93 
  katomic_04.in         6               8        121                45     6.82              23          23                15         141542           95313         128997            935351     0.89 
  katomic_05.in         9               2        132                52    17.56              27          27                21        1452914         1219991        1424069          19172279     5.10 
  katomic_06.in         9               1        144                50   167.91              27          27                15       28746817        19594916       26473705         325131603    40.14 
  katomic_07.in        12               8        169                68   461.08              24          24                18        7961256         6919449        7881047         160526690   224.25 
  katomic_08.in         7               1        121                61   183.93              26          26                14       40837863        28221674       37620186         349212372    38.59 
  katomic_09.in        10               1        169                81   244.86              32          32                24       31303246        25629667       30520714         512868266    66.37 
  katomic_10.in         5               8        169                84    25.12              19          19                16            965             766            935              6840     0.01 
  katomic_11.in         8               4        121                71    71.85              23          23                17        3567795         2957740        3487210          57036067    29.87 
  katomic_12.in        12               8        169                93  3600.23               0          36                28       78900740        63971816       76905517        1317390062  1779.86 
  katomic_13.in        12               1        169                87  3531.63               0          42                38      311663287       272130363      309530129        6510260047   933.11 
  katomic_14.in         9               1        169                85   529.71              29          29                20       84233286        61438485       79670301        1055388002   125.96 
  katomic_15.in        15               1        169                87  3600.23               0          36                31      133151717       118951053      132626619        3325686756   662.55 
  katomic_16.in        15               1        169                69  3600.50               0          44                39      258674776       231079919      257814437        5918324072  1066.68 
  katomic_17.in        14               2        143                73  3600.27               0          34                27      155294245       136747391      154304330        3725323548  1552.94 
  katomic_18.in        12               4        169                90  1431.05              47          47                44       25314427        24457628       25309450         501235018   324.61 
  katomic_19.in         8               2        195               103  1002.63              32          32                22      100653192        74185536       95212693        1378986122   351.84 
  katomic_20.in         4              16        169                83    12.50              18          18                13           3847            2496           3337             16760     0.03 
  katomic_21.in        16               1        144                32  3600.24               0          27                20      267594355       222147239      263871647        4834453914  1021.50 
  katomic_22.in        14               4        169                90  3600.23               0          32                26       84304525        70967717       83878147        2123274358  1871.06 
  katomic_23.in         4              32        169                93    32.23              18          18                 8          24209           13200          19609            103620     0.42 
  katomic_24.in        20              10        195               115  3600.23               0          36                33        7737237         7289848        7730571         303416052   517.13 
  katomic_25.in        10               1        143                73  2720.17               0          36                29      336717340       274094143      329322915        5050878032   673.01 
  katomic_26.in         7               3        169                81   181.04              36          36                27       23433522        15110458       20972556         179404744    67.15 
  katomic_27.in        12               1        169                81  3588.74               0          48                43      298859708       272130363      297339626        6351195791   921.13 
  katomic_28.in        12               1        169                73  3475.46               0          38                32      333417912       272130363      326081799        6197148921   880.84 
  katomic_29.in        15               1        169                71  3313.36               0          57                54      260620502       245523625      260209508        5479820770   969.89 
  katomic_30.in        21               1        169                72  3600.24               0          53                51      133225857       127389160      133197158        4175320124  1060.03 
  katomic_31.in         8               2        121                54    40.70              29          29                20        4369990         3160281        4104443          53032132    12.49 
  katomic_32.in         9               5         81                25     5.79              19          19                14          99821           86234          98690           1301845     0.89 
  katomic_33.in        10               4        169                72  3600.24               0          52                43      205979862       147961150      203181972        2692639365  1575.93 
  katomic_34.in        13               1        169                96  3600.25               0          38                32      229332455       205400217      227971925        6084094914   979.45 
  katomic_35.in        10               1         99                47  2554.10               0          35                28      372393399       275328190      357152394        4701366679   589.19 
  katomic_36.in         3              21        143                52     7.36               9           9                 4            409             277            372              2184     0.01 
  katomic_37.in        24               1        225               134  3600.23               0          56                52       81774883        79033703       81759056        3956186975  1059.52 
  katomic_38.in         9               1        169                89  2533.51               0          35                22      380569726       272892503      361813301        4726450322   598.77 
  katomic_39.in        17               1        169                77  3600.24               0          48                43      225797774       208557260      225208716        5984404013  1200.55 
  katomic_40.in        16               1        121                61  3600.23               0          59                52      239532833       200100750      235356914        4874860134   881.09 
  katomic_41.in        15               4        169                81  3600.22               0          35                30       70521475        63160964       70097468        1886786035  1576.00 
  katomic_42.in        12               1        121                51  3600.51               0          36                29      306494551       251030635      299477669        5081437258   733.17 
  katomic_43.in        26               1        169                86  3600.24               0          65                63       80507667        78978358       80507660        3435932806  1029.82 
  katomic_44.in        21               1        156                65  3600.23               0          51                47      134902739       121909716      134193486        4078500142  1017.72 
  katomic_45.in        14               1        156                63  3515.19               0          41                37      269813277       246949168      269076213        6542000749  1094.23 
  katomic_46.in         7               3        143                53     5.96              24          24                19         153807          119401         146639           1450010     0.53 
  katomic_47.in        11               1        121                60     5.43              29          29                27          37874           35989          37872            901869     0.12 
  katomic_48.in        17               1        169                79  3600.24               0          58                54      186289760       176517313      186129380        5409840877  1167.44 
  katomic_49.in        18               1        143                71  3600.23               0          47                42      157456076       145506116      157046314        4501947524   941.17 
  katomic_50.in        17               2        121                61  3600.25               0          43                36      118845592       106295067      118221976        2790632788  1234.93 
  katomic_51.in        16               1        169                82  3600.23               0          40                35      229510262       205634254      229017267        5728268867  1172.68 
  katomic_52.in        19               1        169                84  3600.24               0          55                52      138715841       133313743      138654723        4244605250   938.29 
  katomic_53.in        16               2         63                35  3600.24               0          27                20      111819624        96306689      111255439        2878457984  1328.27 
  katomic_54.in        16               1        169                81  3600.23               0          37                31      240722041       218324037      239690299        6282575588  1189.80 
  katomic_55.in        15               1        169                83  3600.50               0          49                44      223554019       204388163      222561867        5268243924   928.61 
  katomic_56.in        15               1        169                79  3600.33               0          51                45      212687316       193945224      211631372        5010165613   873.53 
  katomic_57.in         5               3        132                45     3.98              21          21                16          27882           19962          26108            180737     0.05 
  katomic_58.in         6               3        121                60     5.44              17          17                13          14991           11759          14491            157294     0.05 
  katomic_59.in        16               4        121                49  3600.23               0          27                22       72103778        64668902       71573973        2309020735  1962.48 
  katomic_60.in         7               4        121                54     5.40              19          19                15          31912           26132          31065            358837     0.17 
  katomic_61.in        10               2        117                58  3600.25               0          55                48      359592427       273946167      347093798        4613663270  1239.77 
  katomic_62.in        12               1        225                96  3170.28               0          52                46      315826956       266948403      296924507        5631277345   831.29 
  katomic_63.in        12               2        143                70  3600.23               0          42                33      292646295       226204249      283374833        4367413229  1296.16 
  katomic_64.in        16               2        195                98  3600.24               0          54                50      128624605       119279597      128359795        3113023033  1388.61 
  katomic_65.in        17               1         81                25   411.36              32          32                26       46239995        38906683       45327967         650599931   126.72 
  katomic_66.in        11               1        169                78  3406.89               0          33                26      329187784       272892495      324119945        6335295122   898.93 
  katomic_67.in        12               2        121                54  3600.24               0          33                25      254414974       212982089      249538207        4135064746  1267.24 
  marbles_01.in         4               2         64                21     3.84              11          11                 7            571             364            494              2398     0.00 
  marbles_02.in         5               5         90                38     4.09              15          15                10          12278            9311          11575             87976     0.05 
  marbles_03.in         4               5         99                39     4.65              22          22                10          61875           30936          44669            178875     0.09 
  marbles_04.in         3              18        100                49     6.30              22          22                 5           4023            1898           2619              8613     0.02 
  marbles_05.in         5               2         81                34     5.32              25          25                15          59406           33524          47284            241450     0.05 
  marbles_06.in         5               3        120                41     4.43              14          14                12            789             660            780              5886     0.00 
  marbles_08.in         6               3        100                48    18.77              23          23                12        2560638         1629073        2176397          13291504     4.94 
  marbles_10.in        16               1         48                20     5.64              24          24                16          14565           11008          14007             92357     0.02 
  marbles_11.in         8               1        169                59   154.45              28          28                19       25119310        17301774       23241579         219539168    25.37 
  marbles_12.in         6               3         84                40   104.21              28          28                13       17283490         9055037       13839620          87391513    31.91 
  marbles_13.in         3               3         64                27     4.17              18          18                 6           6634            3280           3897             11684     0.00 
  marbles_14.in         6               1        110                27     3.78              22          22                17          18279           11395          15546             67661     0.01 
  marbles_15.in        12               1        169                62  3600.24               0          37                31      119836777        99349046      117522142        2009229811   319.73 
  marbles_20.in        32               1         64                36  3600.22               0          38                28       73513555        55432070       69554702         567935540   206.40 
 unitopia_01.in         3              41        128                68    19.66              11          11                 9             97              80             93               433     0.00 
 unitopia_02.in         4               5        128                62     5.27              22          22                14          61797           37523          51238            255540     0.13 
 unitopia_03.in         5              12        128                56     6.75              16          16                14            663             583            663              5686     0.01 
 unitopia_04.in         6               5        128                59     5.67              20          20                19           2965            2628           2952             27765     0.02 
 unitopia_05.in         6               7        128                68    12.50              20          20                13         224327          163092         210342           2081342     1.69 
 unitopia_06.in         9               2        128                61   320.69              31          31                24       29930661        24370263       29158256         428121173   116.99 
 unitopia_07.in        10               1        128                60  1774.16              36          36                27      250764420       193468778      240785953        3188456743   429.74 
 unitopia_08.in         7               4        128                59    15.73              23          23                17         894483          690689         855269           9308771     4.33 
 unitopia_09.in        12               2        128                60  3600.24               0          44                39      267092726       225026614      263192445        4083730214  1261.53 
 unitopia_10.in         8               2        128                57  1279.62              41          41                29      197108464       130600769      178569127        1646524451   404.18 
